3.215322732935482208e-01
2.227903729761861740e-01
8.500727666031890895e-01
2.663196008648489044e-01
8.670867745522661263e-01
3.623144101799997130e-01
1.180250524173562660e-01
4.335033084820207328e-01
1.770798478144941790e-01
1.325762393974053155e-01
2.622352640841822513e+00
1.175496108402150020e+00
9.566973123804839441e-01
5.447046980766779845e-01
2.795521779801200424e+00
1.925768974778466480e-01
3.626087092478070262e-01
4.940048531817388122e-01
4.020274120220047043e-01
2.179126645332268575e-01
2.867589202994828002e-01
2.922223436124212204e-01
7.016702633274920498e-01
1.788946216853662396e-01
2.739012970707518924e-01
1.560456476340268406e-01
1.276362197816149902e-01
2.327207874730739534e-01
4.199669547268612405e+03
1.563085061923237817e-01
2.133957667488828869e-01
1.321811794726700295e+00
1.019594532687233768e+00
6.776046490798347532e-01
4.691210862644235036e-01
2.726017944323110509e+00
7.271337631921799272e-01
3.435322701148462721e-01
8.462480074187349599e-01
4.820758277743719677e-01
1.301431185384314404e-01
5.440374534542981033e-01
5.843580196349894978e-02
3.001368828067559405e-02
1.436428018385457472e-01
3.234228352892355440e-01
2.224120280117954651e-01
1.503600289094837728e-01
2.125393279468597296e-01
4.426000131221058953e-01
3.579614468097869207e-02
3.039383712228622969e-02
2.169955203546379829e-01
1.184536749725591254e-01
5.642524310717113301e-02
1.558082877030333713e-01
1.610500655344791476e-01
7.977288574632069640e+00
1.138731188771511915e+00
2.086099295012310562e-01
1.451437164326441764e-01
5.524129707384094596e+06
1.022777203461270545e+00
9.619321451021205505e-01
1.094412971802707579e+00
6.751220014326022589e-01
7.574996386900924028e-01
2.098934584792460090e-01
3.700260870954230064e-01
1.207855334357613580e-01
1.684226948320029504e-01
3.661060731827638359e-01
3.707095625772113823e-01
4.025041637605079048e-01
1.132565506530911204e-01
1.817950914520955363e+00
8.362450149221475337e-01
8.010850294025328999e-01
4.143436328261345114e-01
7.062459471673605549e+00
2.899464874415270677e-01
5.420119459776613358e-01
5.080167280204793412e-02
3.588058754915609549e-01
2.318438760909471708e-01
3.172306777236370556e-01
1.478182979680715547e-01
2.419068255582761673e-01
2.455915884886051559e-01
4.034211687656545919e-01
5.597775122835829675e-01
3.339254311166600098e-01
2.565231969406688850e-01
5.163968102131520910e-01
8.974022007404146573e-01
4.004365414477447871e+00
2.656684186041239348e-01
2.950020660562859276e-01
2.858329856841575478e-01
2.188301871560946466e-01
1.113191841291728990e+00
3.311397538039182820e+01
1.996843075948432633e-01
1.572213476480537886e-01
1.755841328648315436e-01
1.892584634959133261e-01
3.378126160289714464e-01
2.220550343227881140e-01
1.619643613077885458e-01
6.595232268277144705e-01
1.441985533200459968e-01
2.205809925980304786e+00
4.754078002002101044e+01
3.581667500935633575e-01
3.516262549040546359e-01
1.020648794823309613e+00
1.449797709012750624e-01
1.893427611960953327e-01
9.891638058126472899e-01
2.466498896242345640e-01
3.441062755319199140e-01
2.922778458401729673e-01
1.605124081993667684e-01
5.136292001163709209e-01
5.144634724107024493e-01
2.883263665552983634e-01
1.222571876189034457e-01
2.510073197254812372e-01
2.161251881354024351e-01
1.947313050000483159e-01
2.209897938994501432e-01
3.211719995523471649e+00
1.892714468674053518e-01
3.666354170698937764e-01
5.510453755649691310e-01
9.281611290661299918e-02
3.642602054285968838e-01
1.705387009459446712e-01
1.323604384868021011e+00
3.406099282897688263e-01
1.770802555607429996e-01
3.610943003142402796e-01
1.910877946636312941e-01
2.441268274706892782e+02
6.698030109401797461e+01
3.714441371777010836e-01
1.365375851482230063e-01
2.307171946764357828e-01
2.977155956483578114e-01
2.095097581992404479e-01
3.118967143339891335e-01
2.675275702717939130e-01
5.764171965104553097e-01
9.452387825962685897e-01
2.857544903071918552e-01
2.038094189451750693e-01
1.830837982487655557e-01
2.413079019045901441e-01
2.854428079755931824e-01
5.407270432724333581e-02
4.457645857235266740e-01
3.446413153414181751e-01
3.830835971195730050e+00
2.292435194316940969e-02
3.530992281204749506e-01
3.036754772985368334e-01
7.065133449256687237e-02
1.056432254653550062e+00
8.341370801608447572e-01
1.948040198836754389e+00
6.011341768664343332e-01
9.045028384940849708e-01
5.980936042403632857e-01
2.858915627989888075e-01
3.827563713258683165e-01
7.414849496917760296e-01
1.830799315486080769e-01
2.496752219353840507e-01
1.443706919391075427e+00
2.528652776804908298e-01
7.357156899425623675e-02
1.403490668295010457e-01
3.934866080687123707e-02
1.592651046512399415e-01
2.154777970189797054e-01
9.852475691237773392e-02
2.188622478824089057e-01
2.411911166298106868e-01
3.300647861841982805e-02
3.351952506234609497e-01
1.710445402908957191e-01
2.182984028211622274e+01
4.287274821570630778e-01
2.515094911494821783e-01
2.489421160073376216e-01
5.474920948102413032e-01
2.668796783596912858e-01
2.632048673176716758e-01
3.650314984720532396e-01
3.024580521239159103e-01
2.616395449493388314e-01
4.887918314700011591e-01
2.679482192487225301e-01
1.532794818295620809e-01
1.672282720189947891e-01
1.549241373994205417e-01
2.239273946618349498e-01
2.059352381100077456e-01
6.293144343486515302e-01
2.546091718705725260e-01
2.932588746578108385e+03
6.577223465880152609e-02
3.265159296528192256e-01
3.558313989024112223e-01
2.626045304352069842e-01
2.263039725798657864e-01
2.772599108808032065e-01
1.112763537633671085e+00
3.141236217938938036e-01
1.473289612137850257e-01
1.169381423138151910e-01
2.105113659343019750e-01
5.652630995258072638e-02
8.249372027683299358e-01
1.173708333203532987e+02
3.397083694295914280e-01
1.290412203602130887e+02
2.876592024346165677e-01
3.797740396453447853e-01
2.595080132586823352e-01
1.942542817395865318e-01
3.816945547533983629e-01
1.106224099773971681e-01
9.145888504961249832e-02
3.416420809011116999e-01
2.628784824778339635e-01
7.732019090305376485e-01
1.342916694018925217e-01
1.732266376789936280e-01
2.128396592470080118e-01
1.170135934811819878e+00
7.807749627057687825e+00
2.027803533580467277e-01
3.900319868346967311e+00
1.650212283956199455e-01
2.405948287146783549e-01
6.095058876362789313e+00
6.239206412707860583e-01
4.595269293354202755e-01
1.926716121464535081e-01
2.532706502806562621e-01
2.905661074770062857e+00
2.416244371990938500e-01
2.110259413456145039e-01
2.157391030181473879e-01
5.357734774205240580e-01
6.044056061767305588e-01
9.631975291706885711e-01
2.399773099082593564e-01
3.887415956329616784e-01
1.646722373641817061e+00
3.379551480019391541e-01
2.347371394330724503e-01
2.203172206205684935e-01
2.778619183302802331e-01
2.286594965394995072e+00
2.365529838519567774e-01
2.050769654523832142e-01
2.751604845981519554e-01
3.508924072311869202e-01
2.039015810844225715e-02
7.632211890731452897e-01
7.437736919661078083e+00
7.133300568576932399e-01
1.125878512975107548e-01
3.588137918006771843e-01
9.969794054356988233e-02
7.883259921978241103e+00
6.522962945411095781e+00
2.033698821419434033e+00
5.301624563419823355e-01
3.449492196462147220e-01
4.866473316641795055e-02
4.851977794949546841e-01
9.759698513520155549e-02
2.340948421714313943e-01
2.516909907217392828e-01
2.259872217689714302e-01
1.994801085841211297e-01
1.862149359298804185e+01
4.263462026806818517e-01
1.727470306582101489e-01
5.049936865693145371e+00
1.131631951989883755e-01
2.484837003490238949e-01
2.367248923966089880e-01
2.057375553746935148e-01
3.601151671645052565e-01
5.298539334204132034e-01
7.027477105990151962e-01
2.154931047200018046e+00
1.045559460473877156e+00
1.011709321802070294e+00
7.027671092824266941e-02
7.925030382523425010e-02
7.094148655128269532e-01
1.053000858352356239e+00
1.410327454508432665e-01
2.003082651678926018e-01
1.223309328672409976e-02
1.647428737456269054e-01
1.393031752851152660e+01
8.698334872559577713e-01
3.195671112780437140e-01
6.111958294060364949e+00
7.543363624258893063e-01
1.403460442033634403e-01
1.018803483936539522e-01
2.202482539493229030e-01
1.417713621976447735e-01
1.857568569154189053e-01
3.069615163360042143e-01
3.912891727933815456e-01
2.620328445185605148e-01
1.583559762257831793e-01
1.509812654658555242e-01
2.383550930629749764e-01
1.718341452928346391e-01
2.347714564017239491e-01
2.953319819609640517e-01
2.798687187443141822e-01
3.988059235753035892e-01
3.397380563181466306e-01
3.345462759971351563e-01
3.146234131411412838e-01
8.686247199710636835e+01
3.481571228872039625e-01
6.113276224189688968e+00
1.353210206100716184e-01
9.455562042084594276e-01
1.522731993685420837e-01
1.721478194703645048e-01
5.928898698475613127e-01
3.394591928282803539e-01
1.074711103857880934e+00
8.150396727792513785e-02
3.577316073267363672e-01
9.662842671969379404e-02
3.592426414581738059e-01
1.564101324998735942e-01
2.154899619514208942e-01
4.554307062284070756e-02
5.187477915117298666e-02
2.503869762947729427e+01
5.162154940078996779e-01
2.204003433584331706e-01
1.893110410741798699e-01
2.222997335471728064e+00
2.410868336344299256e-01
2.189919580294930412e+01
4.376339538842714538e-01
2.636581918210338937e-01
2.331527784082536026e-01
8.690812790907925800e-02
8.081265946606080774e+00
9.727588555421759486e-02
8.521589701259628391e-02
3.648717269548108488e-01
2.984952002492457512e-01
3.812406941268966509e-01
3.099197780224506871e-01
3.458056778259671615e-01
1.041349174552031187e-01
2.779996837589929215e-01
2.516209766564467265e-01
2.277940852995858911e-01
1.033332958797812257e-01
2.643481557798939563e-01
2.583531135726640504e-01
3.852257435225716065e-01
1.175392410320808129e-01
1.402668129644250861e-01
2.059485109511028367e-01
2.158443710517055081e-01
4.218565316664880105e-01
4.376114636585460294e-01
1.009089291702478380e-01
3.899642388117185443e-01
9.254358898992945726e+00
1.037965603181040392e-01
1.907237737515265819e+00
2.926831287834842921e-01
6.862674866049024713e-02
8.350003822498555661e-02
3.104423097005351573e-02
1.973707709235642538e-01
1.136566157170844971e+00
9.261432678505524541e-01
1.604016632359223316e+00
2.604814749605738333e-01
7.672417607970444253e-01
1.995338616263426790e-01
3.475438499104996359e-01
1.463393286960978368e-01
2.105396312347599386e-01
2.104708635315661602e-01
2.045317132263591298e-01
2.127541008973860226e+00
1.492833500463683016e+00
1.586350423208957583e-01
1.541384994619652282e-01
1.816742813805229506e+00
6.730608893973746731e+00
2.091422162518406402e+00
2.314138377991670836e+01
2.204714717237075405e-01
2.285169834799810062e-01
3.127988130408091427e-01
2.035486170729989297e+01
2.885405014803327783e-01
2.445643548763428710e-01
2.712637131059077777e+00
1.316116796134262801e+00
2.138958011936153980e+00
3.691742657976581632e-01
1.489538160429509617e+02
5.338465628286907183e+00
7.689488226839176210e-01
3.011327645030030808e-01
4.090932581982229976e+00
4.363324665186563145e-01
1.334516322484599060e+00
8.031588807284364973e-02
3.665001839516252025e-01
1.522731085929362183e-01
2.727984721770231324e-01
2.753849947331190595e-01
2.139458964551222142e-01
1.677969160516341041e-01
9.471348214406681620e+00
7.929743300969313569e-02
1.491197605853982200e-01
2.747256350242973100e-01
2.056392803399455238e-01
2.000528125681379776e-01
1.648635644113740917e-01
6.363823550638883497e-02
9.947348762005054468e+00
3.354502333482379250e-01
7.617577196047918553e-02
1.687451322360656591e-01
7.674841682495374684e-01
2.229870949623563581e-01
9.395251619505792240e-01
1.882957376332946853e-01
1.162385240030593819e-01
1.306368287323733945e-01
1.063160389742971446e-01
2.497501788263332134e-01
4.079047676154678448e-01
2.095408878982450984e-01
2.671474387667823747e-01
5.111175094135381181e-02
2.279069705214766817e-01
5.543245139170859676e-02
1.166953618854974506e+00
2.107690690530966138e-01
8.914823434471896846e+00
1.558859192627550794e-01
1.938569813538734976e-01
9.030908146202400177e-02
1.180520227782802856e+01
2.102471564783431290e+01
2.847180612694323876e-01
4.649953510070732321e-01
1.491641116784212240e-01
1.766056649678767299e+00
3.109926028166712930e-01
3.295880100515780065e-02
5.737518319493852381e+00
2.067678261845595777e-01
3.664833307269959040e-01
9.158506283307855933e-02
2.596200345933496467e-01
3.023406181124016490e-01
1.719151723687339484e+00
5.759058289072694903e-01
2.390786359704036301e-01
6.044881352705575028e-02
5.794776277497732053e+00
1.229369901114176100e+00
7.378682470296044071e-01
1.191379328565846940e-01
1.040956633881810145e+00
2.005604972218392457e-01
1.858648470551767629e+00
3.064730408969399966e-01
2.021366289495540869e+00
1.523701248953568677e-01
6.827357147551426086e-01
3.591387717641361665e-01
2.587063264492873160e-01
1.818658467198140949e+00
2.764289696405821672e-01
1.197970672446704438e-01
1.708446559545094834e-01
9.655782094562926909e-01
1.234043748172868327e-01
2.112626523344198481e-01
3.490140481622787116e-01
4.347599776635063806e-01
3.389998766610981207e+00
3.145189036596355292e-01
9.271025431485631074e-01
1.284391128125346171e+01
3.221292112555054765e-01
1.008681922835647837e+00
8.050204013108764878e-01
1.016610442556178828e+00
3.546754211736488083e-01
1.080456887610519862e-01
2.672979746718341931e-01
4.012790228110216795e-01
5.391395092282704748e-01
9.389697047413406494e+00
2.135907251033921928e-01
9.746513018319119537e-02
1.098190282634953496e-01
1.057558861813824302e-01
1.003230026807547248e-01
5.392277222270089432e+00
3.350377655724209536e+00
4.410350133927097294e-01
5.262490429979428397e-01
1.643534306944508805e-01
2.803972237937120693e-01
1.919642215078113390e-01
2.264861853301809724e-01
2.619076238949188395e-01
2.222722062136882837e+00
1.260525514197292640e-01
3.200379214815781692e-01
1.343056650856613921e+01
1.410131463560858334e-01
1.698050399344037953e-01
2.008100891201418214e+00
1.909902341041498086e-01
7.343454912256723865e-01
2.696191060253029015e+00
2.619735702192095284e-01
2.644918141538426526e-01
2.845849797087364186e-01
4.531121602324036246e+01
