0 0.599696883166 0.0263900894157 -0.159320123155
1 0.344540717303 0.28665587361 0.198701137172
2 -0.200441859918 1.1588165466 1.62574683183
3 0.181823982787 0.248305901888 0.178191438644
4 1.10638391608 0.535590861008 0.784950567515
5 0.475721067842 0.742187563996 1.03309397722
6 0.431691302528 0.326330918635 0.30421119536
7 0.627683440957 0.869090866911 1.33052505758
8 0.66053999939 0.509997240047 0.684586932439
9 0.287362260882 0.497277422597 0.563473902509
10 0.648315882875 2.31440991485 4.01669940552
11 1.05093790997 1.92707763107 3.49852895666
12 0.667061218482 2.15698108642 3.86884951539
13 1.25189252792 0.839164949288 1.54220988338
14 0.858118886842 1.98626498631 3.66033167402
15 -0.0716662682711 0.869388687135 1.23299897405
16 -0.0581772694082 0.868384820608 1.24240982488
17 -0.0394582465227 0.872713527692 1.25432629245
18 -0.0691565267456 0.871234869263 1.25547234742
19 -0.0652707680069 0.850722609067 1.21332516603
20 0.0275708799923 0.706241742004 0.901762780833
21 0.0270557879487 0.711810465804 0.904742559523
22 0.0425111894654 0.718110331873 0.953581437472
23 0.692219420073 0.0664140357836 -0.0584740390703
24 0.702206063335 0.0733503272692 -0.0514107881498
25 0.685244287325 0.0725184869842 -0.0584555523472
26 0.682897517207 0.0805986601639 -0.0601638245799
27 0.504285075578 0.371629332014 0.390775960335
28 -62.9964201329 207.792954321 342.206382492
29 0.329801259362 0.595534598495 0.753740075979
30 0.322578025825 0.607622416782 0.782010383191
31 0.813170820932 2.33442916864 4.06191873779
32 0.0408463589451 0.707017638124 0.882509731014
33 0.0801714182773 0.548492522719 0.577892435644
34 0.429444060983 0.658102130369 0.749265535278
35 0.805496793862 2.33482618995 4.06246321952
36 0.926844673343 0.34062326729 0.477448473547
37 1.00565040321 0.301033552073 0.346606923038
38 0.903137368058 0.744293356204 1.09555859786
39 0.0516104181148 0.699452557812 0.900056478975
40 0.22577144288 0.414004560228 0.425543889387
41 0.197665538008 0.441365124778 0.507898454783
42 0.223805413444 0.409700112755 0.421293654954
43 0.223541291349 0.415073045476 0.428520837244
44 0.378543742823 0.294762084194 0.25271669861
45 0.523528507096 0.0121540015833 -0.199752506925
46 0.100659332283 0.690859692516 0.868043802067
47 0.0870840537364 0.691359253661 0.871132687202
48 0.0756420507168 0.695371604517 0.883395771375
49 0.196003527881 0.447608946124 0.496187147747
50 0.225942052595 0.41413273373 0.426205256952
51 0.2259420526 0.414132733723 0.42620525694
52 0.517923205247 0.013461417152 -0.164907593524
53 0.523681795495 0.436191733834 0.490094618016
54 0.521775069169 0.416077333281 0.460704455196
55 0.526246492905 0.410305393425 0.445277724882
56 0.533566344154 0.380984135473 0.423397744123
57 0.99916828979 0.675293219149 0.890998241889
58 0.530341988717 1.0595639324 1.80297163458
59 0.414306314668 0.706904269613 0.952980142618
60 0.52695395442 0.39154048106 0.431641130253
61 170123.036023 70618.023079 498948.912148
62 0.559157355588 1.0592403856 1.7033131935
63 0.549596399073 1.08987794193 1.75121714878
64 0.535589539234 1.07747498452 1.75614923271
65 0.556564934409 1.07581351038 1.76310274787
66 0.551139453766 1.07187472705 1.7432938917
67 0.530722578557 0.405141391588 0.454708705241
68 0.602276047332 0.841633808289 1.25328168811
69 0.753241889247 0.314198622024 0.335945984697
70 0.725410483304 0.162139848849 0.0745990386393
71 0.62663737051 -0.024539946102 -0.25320958739
72 0.62582774058 -0.0229638666063 -0.25450692107
73 0.750370617469 0.183551811476 0.073370651354
74 0.267384870987 0.495387394758 0.602482453923
75 0.46852535965 0.609895837958 0.438948549825
76 0.585980656383 0.160649690502 -0.0772360281388
77 0.562700473957 0.00399181998648 -0.339316099609
78 0.552139428909 0.0191445484496 -0.324588497122
79 0.352716333768 1.81226678499 3.1633213729
80 0.488731081671 1.10154976711 1.71139575727
81 0.553920165305 0.677618774401 0.887744094603
82 0.394108472876 0.339447761953 0.324953610102
83 -0.0679642147352 0.717577996099 0.93525536101
84 -0.0687654454538 0.728331868694 0.986798926589
85 0.0895403781637 0.722806658547 0.958775011255
86 0.427923235364 0.253672975516 0.196058295226
87 0.426491190419 0.229036937612 0.187446427549
88 0.432223455004 0.241171494976 0.155697018077
89 0.079631187808 0.710156887438 0.952427673148
90 0.0615751435701 0.72980228777 0.959586905187
91 0.474547795707 0.750373523497 1.04443146394
92 0.383822783388 0.0366903174442 -0.166236872084
93 0.640166445569 0.82697673546 1.25300434441
94 0.639525293832 0.808200143887 1.22677663297
95 0.724555974438 2.32161077857 4.0347985026
96 0.228653177586 0.74647605603 1.01909742764
97 0.211161599664 0.745801124159 1.01830743591
98 0.229711476571 0.746711553871 1.01985878589
99 0.22045521116 0.740381621565 1.01858870418
100 1.21117690823 1.02895782337 1.65646605844
101 -0.127657498293 1.68235718261 3.25125627046
102 0.192521587354 0.749011768361 1.02553423057
103 0.218122947532 0.754015674911 1.04334949611
104 0.210891306589 0.746529556095 1.01944911327
105 0.221324629701 0.727477218169 0.979602586903
106 0.211313156278 0.749002427087 1.0167497426
107 0.208246745611 0.740125392336 0.988162508243
108 0.21196322647 0.740279661195 1.0067761882
109 0.265010849914 0.730456668374 1.06032207413
110 0.218629901812 0.728544954239 0.97274590766
111 1.20488976575 0.972001260771 1.78428107032
112 -1.45348973714 1.67504403799 4.12021993242
113 1.36261707573 0.9540251468 1.58883166983
114 0.635267569537 0.787108104318 1.16093996673
115 1.27251116902 0.942926690945 1.68320144393
116 0.318755906196 0.488128580783 0.579635235699
117 0.343531806939 0.560521771203 0.652192531314
118 1.24280249898 0.898478068117 1.60535797528
119 0.605448628999 0.172011535307 0.0763027117088
120 0.260560897224 0.671242598478 0.86124078026
121 0.445601362463 -0.0201834535348 -0.261721946307
122 0.800854964535 0.394322253118 0.483658664483
123 1.28299787429 0.971510973203 1.62216116538
124 0.209331157991 0.275418202706 0.172337375398
125 0.993996907698 0.418531653928 0.53534755946
126 0.623341566782 0.182737108948 0.123280586794
127 0.633574582829 0.187517512543 0.109589640348
128 0.721225152292 0.0865210257798 -0.0471348255134
129 0.208608272507 0.237231969409 0.125485578745
130 0.720697172172 0.0431027671852 -0.118557208094
131 -0.299072182291 -0.0107908487449 0.0286764948601
132 0.334609689946 0.190020066505 0.0786809637893
133 0.377057598535 0.771922171998 1.12279066102
134 0.042257106838 0.169525624354 -0.0206695659666
135 0.424847048814 0.380447822507 0.421520733129
136 0.559159587935 -0.0109640373989 -0.243258214964
137 0.546545574184 0.0827579804338 -0.0712679355416
138 0.609505142908 0.838178079459 1.20775788397
139 0.558051629087 -0.0105779908035 -0.240756069231
140 0.31374268733 0.364904712189 0.381545218412
141 0.44698665044 0.65407928814 0.849227891962
142 0.435796836721 0.64635598692 0.840005881685
143 4.51381673812 18.8450041032 13.121899155
144 1.99457517607 6.02223299572 1.67329857946
145 0.3523899446 0.0213973308517 -0.150293164225
146 0.665937116247 0.438343350774 0.523713720675
147 0.495619742668 0.402947593582 0.440296253461
148 0.682897517207 0.0805986601637 -0.0601638245799
149 0.736003657382 0.0472479860896 -0.106408191605
150 1.53993648692 1.15950791742 1.99455227338
151 0.299887413505 0.760562488307 1.05663925421
152 1.28497141998 0.9555561973 1.55081722804
153 0.907732747223 2.33398250434 4.07507806003
154 0.112873784274 0.175612167608 -0.0325768714683
155 0.42531635836 0.570872728027 0.700688793955
156 0.435183476983 0.555746443265 0.699065213676
157 0.344115154923 0.178482715875 0.0467381860732
158 0.338516101169 0.176846566176 0.0511484653993
159 0.377414756007 0.424760017304 0.463162877973
160 -0.220207618373 0.798967073946 1.09729453924
161 0.632202183678 0.381381088482 0.414486705673
162 0.827355888042 2.33119573597 4.04111171129
163 0.398934584348 0.328700092915 0.300793491924
164 0.627265281874 0.0193075313022 -0.168138338767
165 0.612956135196 0.90604791969 1.36905115893
166 0.340990413169 0.171347791052 0.0537869900539
167 0.718463251591 2.45628716431 4.25984452229
168 1.19146108546 0.933928499047 1.66958521989
169 0.720639207731 2.11186950025 3.64777628349
170 0.434807561678 0.679305912283 0.800822654339
171 0.359128232815 0.669388867719 0.816468122153
172 0.23421364435 0.732167837675 0.985576633064
173 0.294783178176 0.731022090173 0.985843919045
174 0.615717600059 -0.0541702843525 -0.291442163036
175 0.841423602037 2.23221496498 3.90605266261
176 0.397403631125 0.0974519961267 -0.0458028642601
177 0.144062792176 0.337635339079 0.282398380402
178 0.480470522817 0.111392246165 0.187420961315
179 0.448293946292 0.534777360658 0.626143898871
180 0.40387513579 0.358936611163 0.359090107813
181 0.398710476497 0.357612803739 0.360906242012
182 0.339243939525 0.43397666281 0.491918151605
183 0.505798364508 0.273703939572 0.237326916077
184 0.300898224017 0.224908168724 0.137827970556
185 0.50921463478 0.273320678633 0.258480470965
186 0.29810994413 0.209404305801 0.138215569744
187 0.380778180236 0.435225966518 0.454626611247
188 0.457219363639 0.552004171601 0.677006505378
189 -0.055993746989 0.324719761267 0.278210603015
190 0.752357386572 -0.023158622002 -0.223772203674
191 1.48145223296 -0.385564041404 1.94125173946
192 0.553992051836 0.342152784874 0.410896961828
193 -0.132612091543 0.852043198349 1.23462362064
194 -0.168499379142 0.86487192583 1.21923829328
195 -0.199302029108 0.867477806879 1.2079425456
196 0.248767363072 0.748878248688 1.02566206873
197 0.248767363072 0.748878248689 1.02566206873
198 0.275697402206 0.749817243262 1.03052931324
199 0.26682944922 0.749220510533 1.02839428655
200 0.245059229024 0.74772958535 1.02439871298
201 0.211313156276 0.749002427087 1.0167497426
202 0.241123589181 0.748170189512 1.02410329481
203 0.480169668588 0.128867086451 0.00934969580987
204 0.480170425707 0.128884551716 0.00932551231337
205 0.480372504214 0.133503668808 0.00728831962899
206 0.574158909766 0.0481063274313 -0.111754427331
207 0.19524056636 0.736722515713 1.01232943732
208 1.02755784745 0.491893253085 0.707311834629
209 1.00895786453 0.386274132217 0.48517255601
210 -23.2158128195 39.0548713195 278.998142604
211 0.401244214207 0.228458472641 0.139758039776
212 0.731599355176 0.720869171169 1.03052195299
213 0.731200104234 0.689737628641 0.955097600302
214 0.92317346897 0.187621816425 0.149842997434
215 0.661167109199 0.928871783598 1.44437027359
216 0.545841151705 0.049748660601 -0.143403115481
217 0.6494520283 1.16770395304 1.89558485027
218 1.13277228468 0.218988087037 0.215470745567
219 0.29416510214 0.725751827104 0.949396501104
220 0.541577638886 0.511116983134 0.630605783895
221 0.421885721129 0.0662922634991 -0.12158083485
222 0.480386131111 0.220683918427 0.157830530507
223 0.467792622299 0.343964530211 0.350475868429
224 6.64269139332 -5.44984447291 -7.88750669891
225 0.239600428959 -0.0487115788749 -0.310374525577
226 7.61808257884 -5.40675008093 -8.79150794016
227 0.473848455806 -0.0311917175157 -0.287063650967
228 0.462432220874 -0.032448336628 -0.297274196914
229 0.520270982233 0.197325460381 0.101002531029
230 0.516170710318 0.198007744934 0.0995890211854
231 0.509286743721 0.187172067817 0.0916324814127
232 0.529868491915 0.193582892242 0.0964589547979
233 0.501736807271 0.219133313599 0.139612106065
234 0.0932052571046 0.734847860119 0.99225249373
235 0.117411925229 0.729790780599 0.965949510907
236 0.834443665662 0.991044569048 1.57406073086
237 0.799304939436 0.0794405512027 -0.0905788932596
238 0.805546967255 0.534861171271 0.744058403438
239 0.34736077172 0.900490453843 1.34341737316
240 1.07685105055 1.02630656667 1.45288266102
241 1.2058474453 1.88291976661 3.17659095445
242 0.756542395059 0.48769515576 0.650321115429
243 1.10738441736 0.557527831544 0.771619632708
244 0.499077873265 0.756882817094 1.07201078169
245 0.276356426764 0.547727077678 0.70590937623
246 0.422936616352 5.67070441816 -1.20078793367
247 0.554643157922 0.667981124175 0.864404741814
248 0.542633219641 0.600600274856 0.788993982025
249 0.221104486051 0.627799530344 0.771274752609
250 0.409336312123 0.742423208657 1.0260574074
251 0.778663099405 0.949163367527 1.30580309328
252 0.998537347854 0.385796788896 0.506735784789
253 0.502292905714 0.0781991602352 -0.0922155817619
254 0.51971092288 0.0459054804948 -0.146015295509
255 1.17095466622 1.04764439845 1.68417870713
256 0.805584846759 0.762536663289 1.11105629628
257 1.34229047879 0.928360157095 1.52974219545
258 0.485843883292 0.0446168757084 -0.165258297085
259 0.499576420098 -0.000709508533955 -0.36347539537
260 0.0090721303014 0.553091116669 0.150112496719
261 0.644748237652 0.0236731637426 -0.172264363109
262 0.543151780404 0.0750353768354 -0.0917483444178
263 0.535239565314 0.0922869998075 -0.0616109242722
264 0.537624293455 0.093680579792 -0.0583134366618
265 1.16439079683 1.07652141251 1.66676918137
266 0.543174393938 0.0745729132532 -0.091661007009
267 0.535714635801 0.0920453958828 -0.0594614848114
268 0.535437557845 0.0919989207176 -0.0578280853203
269 1.19543766354 1.12921827656 1.84240902495
270 0.284642903366 0.148753573477 0.00692484512929
271 0.329461542635 0.481321422848 0.480388074384
272 0.405362985075 0.085503845492 0.891576331844
273 0.270820900423 0.802517634127 1.21221483543
274 0.0739302600941 0.894537674722 1.24896223271
275 0.682753535598 -0.0189422950191 -0.242668582393
276 0.367864273971 0.402787223828 0.418834341032
277 0.197099516224 1.27771503803 1.33609031348
278 1.15844644291 0.919754624237 1.21181807466
279 -0.0273384014248 -0.0106652886486 -0.0176195107655
280 0.129950110177 0.737384974471 0.978390811844
281 -0.00825262926253 0.726988711277 0.976978466474
282 0.448970827622 0.292300701031 0.296433005003
283 0.447020166158 0.825076596817 1.21292939253
284 0.31511118225 0.355158802066 0.369892546652
285 0.61647718553 0.0810056835694 -0.0703103157331
286 0.697416307554 0.00708537227766 -0.185724452748
287 0.78811396569 0.95061209296 1.48623407285
288 0.499947676363 0.470038017383 0.629765661761
289 1.14538749691 1.01343415667 2.11893245428
290 0.801406184876 -0.0269474075426 -0.240210276439
291 0.501210317742 0.17047544632 0.0664210577462
292 0.93746909225 0.199339818317 0.317575616081
293 0.702669787671 0.104204948498 -0.0122862054018
294 0.718580001996 0.0950701349159 -0.0290716863881
295 0.709433296458 0.106819079015 -0.014384459074
296 0.502068646587 0.167207326393 0.0533555355355
297 0.273693202666 0.700489079826 0.923715711008
298 1.58971353731 1.11553932699 1.89210091265
299 0.872038400151 2.33958458577 4.09107002069
300 0.827355888001 2.33119573598 4.04111171131
301 0.841075983943 2.32077112199 4.03789357567
302 0.78140999354 0.666456765476 0.0717449970959
303 0.33202496678 0.591533343775 0.739364521972
304 0.470089986921 0.473219644594 0.56133854452
305 0.558849468448 0.817438188056 1.20769356248
306 0.800842129922 2.32421732517 4.04891443059
307 0.0802452626937 0.375829988091 0.363849212338
308 0.665769525797 0.677479048105 0.948376261592
309 0.657264043802 0.839776079399 1.25528503675
310 0.0435733248377 0.637917692195 0.82275552444
311 0.963101266737 1.00281219814 1.29776353722
312 1.41917526769 1.70471927908 2.83211912759
313 0.656730938718 0.665822452269 0.901611392943
314 0.985593158424 1.40897679823 2.43678711533
315 0.827355888042 2.33119573597 4.0411117113
316 0.578540675219 0.809307452349 1.18717181699
317 0.598700944676 0.746478827546 1.03836183765
318 0.519732920341 0.0510039518913 -0.142885215211
319 0.446429494944 0.349993494392 0.333238811347
320 0.137736057493 0.547291616068 0.643521696229
321 0.777072249445 0.573870415876 0.789999162818
322 0.531343016705 -0.0198888555829 -0.25393227562
323 0.844118946259 0.50421550068 0.695400492472
324 0.365585319552 0.909441891949 1.28889348325
325 0.0232030376274 0.769019696448 1.04370423702
326 0.113360792116 0.758773028224 1.03412806201
327 0.101714053904 0.759128537383 1.02905694233
328 0.0684326666356 0.79330176119 1.10358021017
329 0.0964760936652 0.761259966371 1.04211846574
330 0.131839911185 0.755578729206 1.03455170926
331 0.637597803361 -0.0164719241079 -0.232007547561
332 0.635406556005 -0.0119635644123 -0.225084107332
333 0.633817550684 -0.0115107435507 -0.229145781859
334 0.63540655602 -0.0119635644167 -0.22508410734
335 -6.26233492091 4.02485327948 8.62859209566
336 0.61081931896 0.907419833263 1.37654741735
337 0.815408755685 0.412407308096 0.394103694993
338 0.507763434621 0.661395989767 0.893786252578
339 1.36066616121 1.88440507369 3.23141608196
340 0.511840449819 0.707006961504 0.9759672541
341 0.509108964655 0.0728424210691 -0.0984523812289
342 1.03738178494 0.496496857171 0.64076839657
343 0.0830817495866 0.252393787703 0.091927851698
344 1.30195487031 1.11542159604 1.82991623479
345 0.18110827882 0.750556706647 1.02574346231
346 0.874877488761 2.35410660702 4.10616056548
347 0.331086278621 0.425918291891 0.455314595031
348 0.58106869074 -0.0568900052218 -0.298436083576
349 0.386704269453 0.373676949292 0.376232136151
350 0.610576722964 0.134400099444 0.0561792588219
351 0.376371366698 0.376569371676 0.404256392912
352 0.379244029283 0.372224619637 0.403440651986
353 0.99795442901 0.849746895936 2.36052315479
354 0.929011174543 0.0159489253721 -0.184433387643
355 0.873316744344 0.239997692264 0.230497600871
356 0.199187811214 0.742581238198 0.999415820514
357 0.740662374655 2.26182199945 4.23481029452
358 0.91235828497 0.62695596372 0.88291293809
359 -0.976056800258 0.62268441006 0.897310467494
360 1.07924526713 0.537154354691 0.769595847877
361 0.545073991316 -0.0147511594846 -0.226780059348
362 0.645653470558 0.199730311755 0.131991043624
363 0.218856805117 0.774230923223 1.08508422234
364 0.949773765612 2.35439057346 4.24472050369
365 0.44650970601 0.372510136601 0.387589216504
366 0.435903202759 0.309034906142 0.278436131377
367 -0.117356820421 0.109777791034 -0.122648106152
368 0.241161711847 0.662132119746 0.868414699399
369 0.623526912536 0.129606425443 -0.000350319492925
370 0.449664043879 0.744813981984 1.06034716452
371 0.627155107862 0.269906962316 0.251255442662
372 0.685019665735 1.15300365418 1.82831350746
373 0.445422547076 0.756382130654 1.06880000784
374 0.449230155534 0.752062641427 1.04236029627
375 0.409336312123 0.742423208658 1.02605740741
376 0.417284017925 0.738962922115 1.0220691756
377 0.436497876269 0.738722908475 1.02270553135
378 0.435038020946 0.743809830624 1.01953923984
379 0.448381228198 0.752502105829 1.0146628077
380 0.423496614387 0.740197198727 1.00453983092
381 0.420699642358 0.739243345866 1.00139439107
382 0.416908805681 0.743181919254 1.01576480882
383 0.432567312542 0.732253273056 1.01583416794
384 0.253031507895 0.745912203313 1.01653927122
385 0.393200965105 -0.0652931312862 -0.315693993949
386 0.457423954703 0.422951710672 0.48624380008
387 0.444875270783 0.471110906828 0.489707857692
388 0.76973566875 2.27721898757 4.14103624068
389 0.550567595374 0.590175885655 0.782548075281
390 0.509455331412 1.01601423507 1.55111415251
391 0.511110121083 0.785202284873 1.1478529243
392 0.350498512088 0.544050585914 0.67320507777
393 0.360321172902 0.54425264094 0.675146740482
394 0.466583484381 0.505761256036 0.638175585063
395 0.625866150611 0.247829105566 0.198717969954
396 0.848021378001 1.3110149698 2.49129527995
397 1.11131762523 0.823474651187 1.49482217504
398 0.76973566875 2.27721898757 4.14103624068
399 0.263898269721 0.612577729312 0.776904804715
400 1.32828711237 0.925187386395 1.58699425082
401 0.709718260727 0.610695548249 0.843236327731
402 0.844185886502 2.32290740249 4.04336067317
403 0.418737538116 0.5811661747 0.741251000527
404 0.445076510839 0.274035871434 0.232336079114
405 0.505134372697 0.210347693648 0.118404476982
406 0.580333456465 0.14827827734 0.0274615957465
407 0.749808217012 2.33255480627 4.06166741834
408 0.479444621618 1.01663150906 1.57940989139
409 0.417284017924 0.738962922115 1.0220691756
410 0.521194902259 0.0579920749717 -0.116112268368
411 0.819238687333 2.31364845057 4.02446416742
412 1.46785922283 0.994010804313 1.71139913604
413 1.21117690823 1.02895782337 1.65646605843
414 -1.04263317976 0.56248556042 0.341658422179
415 0.50064045806 0.0989563675964 -0.0605715224111
416 0.616721150767 0.774210308624 1.1227061077
417 0.953125147944 0.218463439464 0.194760990731
418 0.682737328234 1.09427219515 2.32117435194
419 0.339969832997 0.534318889185 0.642702691658
420 0.340460743099 0.531713046208 0.636945448774
421 1.47121337788 1.11513513948 2.10611540707
422 1.19592169788 1.13084832368 1.8657203856
423 1.09074794673 1.13458003991 2.02287834599
424 1.26142808315 1.15159576475 1.9736017776
425 -7.3363246475 2.29968622446 13.5915603433
426 0.83699731215 2.70393771507 4.96108263125
427 0.362874123377 0.648062439676 0.763002049658
428 0.0586387597656 0.693604840954 0.890535327063
429 1.00266326685 3.08538361243 5.35058604731
430 0.299843948635 0.486442130412 0.526974051392
431 0.418087637433 0.813904676476 1.15839294068
432 0.547704332732 0.360904782908 0.387901150294
433 0.382821915131 0.407146322772 0.438690718653
434 0.497063952724 0.743892374013 1.02377635814
435 0.726201357086 0.0423783204017 -0.133929166596
436 0.635983681837 0.351671315217 0.109293390031
437 0.631852750172 0.108091625962 -0.0266682159057
438 0.707803709958 0.0869827850332 -0.0749310438558
439 -0.643947621027 0.874000482891 1.7024627929
440 0.521686077708 0.234787458794 0.183576848926
441 0.303239023459 0.544123676309 0.652830616067
442 1.27418358471 0.951111624925 1.57771221812
443 0.618594494372 0.106571036048 -0.00912190526857
444 0.547588890822 0.155033033929 0.0358651357793
445 0.547177594957 0.151800258138 0.03762863282
446 0.398241899753 0.381842345948 0.393393966673
447 -0.0788227239039 0.606147691782 1.33304530712
448 0.536391815478 -0.0305445077577 -0.277279878523
449 0.325984691161 0.25198335721 0.180156822918
450 0.40131008687 0.174902073899 0.0533580910404
451 0.833439182026 2.31881505653 4.05457432643
452 0.222186036458 0.743589958372 1.01768649112
453 1.03631571126 1.95213279056 3.2456152139
454 0.609391618761 0.284095442593 0.262117802167
455 0.611090091215 0.278373891415 0.263129111219
456 0.615686983745 0.283334014675 0.266373000686
457 0.610243771152 0.283150514522 0.266518533932
458 0.0180566870214 0.122177694392 -0.0695057897643
459 0.433528929245 0.7929081341 1.13462209367
460 0.416775186141 0.781137164699 1.11275049154
461 0.510516033748 0.187585420728 0.0914023460862
462 0.508127612674 0.183053861163 0.0967689748408
463 0.40471985165 0.0549605938116 -0.141471736311
464 0.508413152986 0.183131356299 0.09748292445
465 0.492322403669 1.20253914073 1.94056964047
466 0.0937057220573 0.78324673804 1.08655071482
467 0.638898100932 2.2592622517 4.10665039656
468 0.221322262522 0.25448481607 0.176752204844
469 0.287825531997 0.261939409279 0.10070244075
470 0.185679329744 0.536516850063 0.640205031894
471 1.07254437532 0.842019908286 0.83500601543
472 0.568734971258 1.03973301262 2.24494506329
473 0.45019857702 0.368990074207 0.366931587373
474 1.08203234175 0.145767946642 0.0882081457466
475 0.399366396939 0.763252647489 1.05947440908
476 0.80549679387 2.33482618995 4.06246321951
477 0.648130222333 0.774006654657 1.13978291381
478 0.45167222911 0.283550707621 0.12807961752
479 0.440472429168 0.359270114301 0.74048191872
480 0.703382425443 0.0751033979958 -0.0661838644257
481 0.264691692751 0.528963057733 0.66227827685
482 0.167191020251 0.45713438419 0.51152993636
483 0.502786905146 0.0333193979981 -0.170312616237
484 0.503198687979 0.0244152617411 -0.174893044965
485 1.29148685083 0.893333221969 1.3902864723
486 0.236094620531 0.626071789054 0.765932233763
487 0.594017118076 0.0754372460928 -0.0920076468436
488 0.456715578159 0.466706969825 0.54327460861
489 0.706779092345 0.510290583026 0.146417764794
490 -0.00748004368498 0.694583776441 0.895870986283
491 1.30947134025 0.951771776677 1.54807674421
492 0.510427120332 0.113536861422 -0.0258216651104
493 1.21913304321 0.958418412173 1.52782609524
494 0.17698975548 0.757548695009 1.07573465498
495 1.29324575802 0.926201970139 1.43482879015
496 0.342612341781 0.399608052544 0.395740286553
497 1.24222347365 1.93384308635 3.34261927881
498 0.480502342583 0.230448568378 0.181771941244
499 0.468547429084 0.254222656435 0.0914950680143
500 0.576089131159 -0.0286277691805 -0.277650897181
501 0.527888155424 0.0642652898258 -0.117067215689
502 0.324314643052 0.71236602873 0.591605745879
503 0.356323686603 0.130695809986 -0.0309045334418
504 0.364410920315 0.141596838175 -0.0100776797412
505 0.361782451133 0.130695781354 -0.0253600027556
506 0.749159324323 0.428130470546 0.188906689714
507 0.284502914257 0.276710815707 0.198894157081
508 0.317947128952 0.421050635518 0.450570634034
509 1.02740783152 0.209542828315 0.179829604986
510 0.591085023382 2.3162137194 4.00183960379
511 0.88476791382 2.25456881773 3.92798966104
512 1.59584001779 0.779446528385 1.2406103898
513 1.29134134797 0.981499516368 1.50808528778
514 0.131031808742 0.713313194262 0.846271140554
515 0.410977266725 0.785857321743 1.09277996041
516 1.62051453988 0.73150866894 1.15868059055
517 1.57678672535 0.733955356749 1.14856453941
518 1.26816014028 0.959369069353 1.51221683183
519 0.603793905482 0.807782186378 1.18104398668
520 0.631876135018 1.13551299419 1.79683409182
521 0.624016778867 1.11912671374 1.7765301891
522 0.616994570645 0.762958637199 1.09609527432
523 1.06495913087 0.124343415387 0.0676138755937
524 0.975694877507 0.31922395322 0.920931163348
525 0.760087471026 0.684934258777 0.974529666076
526 0.570408715741 0.795514271865 1.17295826393
527 0.579566276257 0.805335998973 1.1906405956
528 0.582382323906 0.809496238792 1.18778474064
529 0.280558424278 0.665748745928 0.876439770023
530 0.816784927807 2.31375650325 4.02595666621
531 0.824346491781 2.31795204309 4.03711102358
532 1.12942819389 0.138704858392 0.0778626298337
533 0.838371830853 0.754920178695 1.11296442933
534 -0.0358386518503 0.721263394101 0.959077498146
535 0.172662701124 0.755139237368 0.985960194283
536 0.205294789262 0.730752815899 0.96892333899
537 1.3241251711 0.969688639814 1.60654235486
538 0.172746504765 0.36034914371 0.310393837116
539 0.531135210282 0.216054638272 0.0416030029295
540 0.626415077146 0.784620360563 1.15383652068
541 -0.0506153190007 0.376226940347 0.35677546319
542 0.526357059374 0.385937062607 -0.224870014435
543 0.210615944521 0.737970762101 0.982096854566
544 0.350781216777 0.266368597104 0.20181919203
545 0.818124324194 2.32880730181 4.05604261043
546 0.855103790033 0.524249873128 0.709063046739
547 0.567879158325 0.732914775952 1.06352660394
548 0.783681565922 2.30411973484 4.02073792952
549 0.333314754688 0.15937717208 0.00851245113761
550 1.05078098883 0.367003439751 0.448661469064
551 0.676074785166 0.828851624166 1.21393882348
552 0.569183606814 0.551132298935 0.061689535738
560 0.628527194262 -0.031511009956 -0.431534011738
596 0.600782384066 0.0301718744477 -0.466631069073
664 0.554392215662 0.0612544074051 -0.45695107539
666 0.536737350828 0.0486335415443 -0.451555307118
700 0.591494942402 -0.0815295852306 -0.524176704878
702 0.587993690513 -0.0345701714566 -0.43047930995
729 0.61671957033 0.0377507834341 -0.468362768087
795 0.56526579191 -0.0345484620067 -0.439048491211
821 0.61638856426 -0.00126282481147 -0.445875239507
823 0.614509716516 0.0302814895268 -0.461731094758
836 0.541896846253 0.012482368493 -0.44736473817
850 0.692325671626 0.0289628829265 -0.365183979471
898 0.593833749195 -0.0382434442699 -0.417573700936
901 0.594150777638 -0.0358726698848 -0.419028291697
913 0.558464982674 -0.0310371870622 -0.441921963586
946 0.663286509799 0.00468885815583 -0.3976649768
1010 0.621704792989 0.0547069179013 -0.453063510839
1063 0.61013778249 -0.0394146894898 -0.431006012293
1066 0.60264746119 -0.0416087063226 -0.427442958727
1071 0.589519257397 -0.0320541865673 -0.432110481133
1137 0.667127515534 0.00398410716406 -0.391872759599
1144 0.668690000735 0.00601758345608 -0.392035235571
1245 0.510559174489 0.0670008248729 -0.440239146507
1285 0.643035299174 0.0986856442106 -0.424119034848
1325 0.596618740974 -0.0352049053817 -0.419518655959
1387 0.657365781778 -0.0122020447154 -0.401287400965
1426 0.600069351889 -0.00917724129293 -0.445861331959
1436 0.587081817685 -0.00250536353881 -0.452754096687
1475 0.58327027726 0.0023096059244 -0.455531911432
1504 0.601223239424 0.00917720869177 -0.452337520501
1549 0.594347077765 0.0295816618465 -0.469222458863
1550 0.636933686066 0.0274336456834 -0.444298795147
1577 0.587453772045 0.0345834517772 -0.471813534017
1589 0.682564195872 0.0432334640274 -0.371901377636
1599 0.688300436917 0.0504771009236 -0.364390036122
1657 0.59653148631 0.0883642687252 -0.45857257347
1794 0.661666642153 -0.0154809408047 -0.384997699254
1892 0.611101164126 -0.0103356892136 -0.442659884124
1901 0.662544331316 -0.00228610569804 -0.395989382538
1947 0.579585729823 0.00223007885845 -0.455869852384
2009 0.597317930157 0.00789212063976 -0.453945180705
2104 0.585350470018 0.0335461381884 -0.471978946676
2259 0.657841527771 0.0761075246664 -0.410005926229
2262 0.584780716113 0.0843523810209 -0.457107289409
2284 0.641229724087 0.0938154084441 -0.423934746623
2313 0.600440151923 0.121000977672 -0.448091602282
2810 0.64089913357 0.0426091265633 -0.432083420938
2987 0.659969124275 0.0742325190264 -0.410057890202
4027 0.624487711643 0.109081786352 -0.434175909895
7006 0.607047390729 0.0090745701833 -0.450574692423
8612 0.570674800932 0.150530075034 -0.473940970183
8615 0.641049616265 0.156165591191 -0.458917436638
8634 0.323893117741 0.0213141838905 -0.475916540653
8635 0.591883329531 0.136870574825 -0.479778795852
8644 0.595406592738 0.270655260291 -0.638861677162
8645 0.64248452323 0.273695593908 -0.607736310441
8646 0.653195769765 0.271228647032 -0.606064935065
8658 0.441481245849 0.41281841397 -0.713904871921
8691 0.583587495361 0.259191261357 -0.618623041687
8696 0.626917941855 0.289883587724 -0.625030241799
8698 0.60618503979 0.28093931816 -0.619948842628
8776 0.647574793775 0.281846872808 -0.618189636088
8777 0.650210062969 0.266832618545 -0.613004700849
8817 0.430604570836 0.457051528348 -0.696351122573
8818 0.446529529325 0.47070716101 -0.717767031384
8819 0.438224139544 0.462104584189 -0.714864548166
8839 0.482927948532 0.0310006580868 -0.421661592859
8875 0.596705475127 0.249574421909 -0.615728203497
8880 0.603527015827 0.268198840844 -0.610487555845
8882 0.618482352465 0.281168923145 -0.610583184626
8885 0.640419392583 0.281627324997 -0.598529867338
8887 0.631551253283 0.287224806062 -0.584185749309
8956 0.733097790101 0.469927096121 -0.621962352987
8963 0.644818833848 0.472696476085 -0.691190551439
8968 0.577067981576 0.483412255748 -0.703769946839
9036 0.557859102265 0.243862437282 -0.61567727131
9046 0.612923919303 0.275625146377 -0.587711716499
9375 0.635388194127 0.481234526774 -0.689145144021
9380 0.671154428052 0.48477194273 -0.679232535712
9382 0.676026770866 0.495155681759 -0.680551142296
9505 0.438500139295 0.149144918125 -0.692271142222
9638 0.763172281308 0.490590808893 -0.736438514738
11747 0.428936950756 0.733236320787 -0.884293513327
11749 0.864159196727 0.708821339611 -0.799958917579
11751 0.387676273908 0.814098396775 -0.969059326547
11752 0.380983332531 0.817779949482 -1.01621525816
11766 0.445291860254 0.721055043512 -0.879008636422
11817 0.447170690757 0.738627605475 -0.894214467854
12086 0.369067873294 0.610671839094 -0.813282416644
12509 0.790016808789 0.35904655117 -0.576691532796
12513 0.857312714297 0.559385598815 -0.700131442568
12566 0.33230220317 0.355891515734 -0.720975362796
12574 0.36953364957 0.449623742109 -0.73066678234
12579 0.377120571286 0.437112179214 -0.732296013021
12651 0.82703506024 0.445546006455 -0.600094184052
12662 0.271627692743 0.501455116147 -0.788039026261
12663 0.262314438532 0.4928260943 -0.785196189409
12687 0.377930350735 0.0760713321731 -0.493846749391
12880 0.679447494515 0.180129950867 -0.508621249213
13039 0.877945389574 0.186824876619 -0.474368934317
13141 0.870569715828 0.324356351767 -0.544464005201
13500 0.437695790531 0.314946504496 -0.656411553021
13638 0.433514248955 0.460590083052 -0.725022594919
13686 0.870932313341 0.693976147335 -0.602573480497
14208 0.83160880248 0.504277304418 -0.646220627725
14217 0.821597320515 0.504418217368 -0.647636391677
14336 0.94274829761 0.735796371635 -0.72456277936
15469 0.78422726411 0.475886834991 -0.715128040054
18044 0.480374076426 0.677696861112 -0.905791874578
18074 0.738722719818 0.792856179328 -0.849176062554
18109 0.383921462728 0.695311313845 -0.911054890944
18199 0.779961230893 0.705572453089 -0.834588946336
20036 0.580155684555 0.33898463145 -0.0789822778235
20164 0.36969494568 -0.155538256763 -0.609636897664
20234 0.326891192548 -0.059343538553 -0.47295769907
20343 0.856295417128 0.462456445966 -0.630841468555
20498 0.847877333805 0.472453716109 -0.610208641837
20504 0.809360157113 0.400755539586 -0.558556150825
20522 0.421585441601 0.44109925821 -0.743673899318
20609 0.695938873882 0.0352352948039 -0.362133126881
21263 0.71264489946 0.0539139011095 -0.369426565842
21806 0.695063378372 0.0496608032565 -0.365669648345
21907 0.699253095799 0.0507323581706 -0.365840895425
22872 0.753231613807 0.088069876758 -0.387770555523
23611 0.380523623826 0.428886130461 -0.7115835437
23889 0.526694195354 0.110062949843 -0.467985376376
27307 0.848815278387 -0.0325115947242 -0.323159472654
27308 0.845547586763 -0.0373003673996 -0.334218620836
27309 0.846055640751 -0.0377203469423 -0.335821211206
27310 0.849892890448 -0.0433775862321 -0.319487305513
27314 0.848113832858 -0.025165870366 -0.341092583801
27332 0.871592441413 0.0673232958514 -0.328699385733
27728 0.883158516019 0.0590205843849 -0.332242557251
28046 0.880678652185 0.0571776939336 -0.328162426712
28851 0.354278308109 1.4216509614 1.79472121807
28868 0.393286030856 1.32817327228 2.31214717949
28887 0.357816444293 0.192668872343 -3.11501952155
28890 0.530976095476 1.25259431894 2.25770970934
28925 -14947.9880001 -32726.7102084 -57891.2492035
35146 0.853855518542 -0.0287204616615 -0.316889778078
38072 0.502902726109 0.0502728116724 -0.433234839837
44460 0.832982689427 0.0677567774098 -0.385154488891
44674 0.786584324887 0.00112265964982 -0.388990073743
44771 0.762676173823 0.000713116520538 -0.386933601988
44779 0.762973704117 0.00771722450483 -0.388515478065
45063 0.786764960764 0.00116637248321 -0.392054486837
45075 0.759213924262 0.0146847275871 -0.387391819246
45284 0.758315118504 0.0143082270898 -0.388891691146
57780 1.31299283712 0.508864604684 0.35233240304
57782 1.30947811261 0.527814475048 0.359912525278
57792 1.29604202785 0.541661927495 0.367036739543
57794 1.26400904067 0.533900510233 0.330261822538
57835 1.28336289738 0.526116952535 0.343780085369
59910 1.14460264246 -0.0704741609703 -1.26272164888
74292 0.345938165876 0.260355439948 -0.679282828645
77973 0.896594062015 0.276479066093 -0.598175684096
78332 1.20163512677 -0.14782566336 -1.41853148356
170326 0.759431751548 0.0703372410374 -0.407444431229
187888 0.719349385819 0.241782923685 -0.525666833291
297377 1.15827767727 -0.103617843574 -1.34518062413
315948 13.5835524057 -3.15438834826 -13.5612835717
315949 19.4817278235 -0.146498958974 -15.4735623484
315950 17.8872557743 1.05997685097 -16.0695898017
315956 16.541739458 1.90254890679 -16.6645714283
315960 17.2829487072 1.64394711782 -16.1326414473
315964 17.8379305133 -0.253133795922 -16.4335614031
321057 1.14603348485 -0.0567380253855 -1.23029272026
377654 1.11672089205 0.125623685704 -0.79465162647
377710 1.11787506709 0.114917070964 -0.822766973569
378211 0.964701855457 0.487309168259 -0.697376251833
380975 0.928421916709 0.463732384261 -0.783845994034
381101 1.00860953066 0.398406188144 -0.739557510079
385128 0.912522333087 0.266928491979 -0.66805246264
