6.056077254908159846e-01
2.068646251372007472e-01
1.633963502713570382e+00
5.485117632337170868e-01
1.385027183017211172e+00
9.948213856177395842e-01
1.649849091251027744e-01
5.587164124327831383e-01
7.094895013655982963e-01
6.025624942476757173e-01
3.239648208941680263e+00
1.342195114876451045e+00
1.275876277400702641e+00
1.894944687913197701e+00
1.366818933076510367e+00
1.304148193976941261e+00
1.273307982759491752e+00
2.043604092183739951e+00
1.936352824369034220e+00
1.076139391374829390e+00
1.284858625585931113e+00
1.239107265953562020e+00
8.883437722176396045e-01
4.208482424840016001e-01
8.269127417434164462e-01
5.687766261113615940e-01
4.979454007951392702e-01
2.284018263359968992e-01
3.423914708123903838e+05
5.070761628453572811e-01
9.166581003325571242e-01
1.684082676019759806e+00
1.918514494409502502e+00
1.285905880539147006e+00
5.365007305761817502e-01
2.607676884340963674e+00
1.348921072195865767e+00
1.192691932136585864e+00
1.684633957060230003e+00
1.502238814078467710e+00
5.307560163058424596e-01
3.642207304807211776e-01
4.202200025075640832e-01
4.797675232767753539e-01
3.965033872825868277e-01
6.642816952799444064e-01
9.285245836655451335e-01
7.939544048060919179e-01
1.029914686780661892e+00
6.132557578909325624e-01
4.177663161561022132e-01
4.016274112470948898e-01
5.239893977203213815e-01
2.392250590988311831e-01
2.298966908922311925e-01
2.222252559452411180e-01
1.150793076717823382e+00
1.650792855616519361e+01
1.112171494983533737e+00
9.488737536168487807e-01
2.019413979407725379e-01
3.376129641676819837e+00
8.578357574258261842e-01
7.655320179642099987e-01
1.259466477313167854e+00
1.026733911527727194e+00
9.152800238752566431e-01
8.480056265001441052e-01
4.993577208771042275e-01
2.532983035212121314e-01
5.516627898052366419e-01
9.209699206022508022e-01
9.618410828992186579e-01
8.454431119921178572e-01
6.330892660005410510e-01
2.899931429695388196e+00
9.453752887971044183e-01
1.310422634144104315e+00
1.394687532610623393e+00
3.554436759849029404e+00
1.345423924269854243e+00
1.900314697771279482e+00
1.022606487183491120e-01
1.363474365766510710e+00
1.232277670009699122e+00
1.249042125587644048e+00
1.140573127542032494e-01
2.864022884033884386e-01
4.231558377004341898e-01
1.533841643593037540e+00
1.516049810011860233e+00
1.200436462005527449e+00
7.421626399135277108e-01
5.944427455992067344e-01
4.023107597330870533e-01
2.814485526394797876e+00
1.161985326391403062e+00
1.181601005326515352e+00
1.329263927199440865e+00
1.030145824604206339e+00
2.704504268090242025e+00
2.325622724418562726e+01
1.215375842141384055e+00
1.081755405704107442e+00
9.040847096283470830e-01
9.296893295564607751e-01
1.210331813537542711e+00
1.097923451850111753e+00
1.055141868576080499e+00
2.170133635894669233e+00
8.901690825007136931e-01
9.871149311345636113e-01
4.609819341924927016e+01
9.995922526030082134e-01
1.487092840614335554e+00
1.250742756712063253e+00
6.011349173930892187e-01
3.585990153149205550e-01
1.422037558225930587e+00
5.778315741562132235e-01
1.092644067862528434e+00
8.818444207925318912e-01
5.030969669348039908e-01
9.593309796030055070e-01
1.601592277628482552e+00
9.007997868945260000e-01
6.304992179045237899e-01
7.887212858076365629e-01
7.320676293153747238e-01
5.356180913026985513e-01
4.742547405489558332e-01
1.672807338146276912e+00
5.327627947962414456e-01
9.068278751742808730e-01
3.015051224718144240e+00
1.514813270976847204e-01
8.488096405708858150e-01
6.358596605989068618e-01
7.735480965230397965e-01
7.942081979609443287e-01
2.696799428823654088e-01
9.938341141828651581e-01
7.811759749599013203e-01
2.454511703520880417e+01
3.837079929197115291e+01
7.822959976160737128e-01
3.386204476193236390e-01
2.924478898440196484e-01
6.005822282396962031e-01
6.053761942507420724e-01
1.242077546897106144e+00
1.048974385253458985e+00
1.335237462329906366e+00
2.829389723123085343e+00
8.743814695594268604e-01
5.796446877247586338e-01
6.594296217908336422e-01
5.907622296607131229e-01
4.797800598438559661e+00
3.139429283208926558e-01
1.108162844991850582e+00
4.306055663993451632e-01
6.336145181168432394e+00
1.157534161391125110e-01
7.255271722274528878e-01
1.397181874249773914e+00
3.931068345355572813e-01
2.279151105131147492e+00
9.430856889420650147e-01
1.836596430983667538e+00
1.039390463401959286e+00
1.511751090900985250e+00
1.499966378298582148e+00
1.048244907341061571e+00
1.094894886574235837e+00
1.050826081818010405e+00
5.943086031911301026e-01
7.023889026816089176e-01
8.418213732890740264e-01
2.823255242257339814e-01
2.236652833798665752e-01
1.958659594569337747e-01
3.766585019804318812e-01
2.574189790481878903e-01
4.140078989822884026e-01
1.902211804313285737e-01
4.428537730397976158e-01
3.796940360942490655e-01
4.489132914856874268e-01
9.042981585041832693e-01
7.243954390646972774e-01
1.259765713966987777e+00
1.149898759076611654e+00
1.305980769147493392e+00
1.503176139462366168e+00
1.843537096748357973e+00
1.187478501563595135e+00
1.295767911276591633e+00
1.233262081134978372e+00
1.178199732692172708e+00
1.161178803791456549e+00
1.482709449184528516e+00
1.200001446800214699e+00
3.358105697836510362e-01
3.519180665723465329e-01
3.606656799250194112e-01
5.332330167705007229e-01
1.058920465821412860e+00
1.640219929534603827e+00
9.359210540894825625e-01
2.681218470486264559e+05
1.759269771622946177e+00
1.136717093256761402e+00
1.072319769065646744e+00
9.182904137311739268e-01
1.433706661867108823e+00
7.312360598642332343e-01
7.085793722801717820e+00
1.163225426198197132e+00
7.562100939509636133e-01
4.466453308749829820e-01
6.700427867413210059e-01
1.024388970989860592e+00
1.021617449435886948e+00
3.837119638010618417e+01
2.832042011891536148e+00
6.471789572813511526e+00
9.240782603691161112e-01
1.072441517951403300e+00
5.903576857313030946e-01
1.616407201795644066e-01
7.005034423075274796e-01
2.225647206191611049e-01
3.289388033300090775e-01
1.486258332701229756e+00
1.144756428234906531e+00
1.811961499221100169e+00
7.955661090557800685e-01
8.448940266605843297e-01
1.246852751676156945e+00
1.654495548993802467e+00
7.130912192172306874e+00
8.394567870439365587e-01
3.922784450186419747e+00
6.618655007768253773e-01
4.785902535746427433e-01
8.437673340155045665e+00
1.128039836539754148e+00
3.282671309391428927e-01
8.140656089611547630e-01
1.077475205897491795e-01
3.521797534414030206e+00
8.656368683874194891e-01
5.000656481258303199e-01
6.711372157978866548e-01
5.910452330896965867e-01
1.525246043906697491e+00
7.964759332005523218e-01
7.012478926855360006e-01
1.136272890136481806e+00
2.025324840604601828e+00
6.872897157890386355e-01
6.888323480270935883e-01
6.378040599166676650e-01
5.269009985796301310e-01
1.595758340907271089e+00
6.923879227392822910e-01
6.452745683474316873e-01
5.815718536338021494e-01
1.867858701972282098e+00
4.115272116359402488e-01
4.755773235253773379e+00
7.739142329376391238e+00
6.296888242355699994e+00
1.662471589419837414e+00
9.595631261801537137e-01
4.622560545620132966e-01
1.367441712609223892e+01
3.941674049594757978e+00
8.700158336439434148e-01
1.119766561119027504e+00
1.160870293532671349e+00
8.583865692215610077e-02
1.544188959487483803e+00
3.021973609831886676e-01
5.887474476132686929e-01
7.107537151265214126e-01
6.962671198355639968e-01
1.118346652024484023e+00
2.129627404070834373e+01
1.589311522966468493e+00
2.377516805250105836e-01
4.670593206945222953e+00
3.080556914994617701e-01
7.680650308824720218e-01
6.635513181421228701e-01
5.269497408320189535e-01
1.061721511154501085e+00
1.111399589311962144e+00
1.576160951855539727e+00
3.295264742275684888e+00
2.424745114236490195e+00
1.702694851807510679e+00
3.819703655839767897e-01
3.798919548255233480e-01
2.257355943951204313e+00
1.654012634706302887e+00
6.229775376988995195e-01
9.368740918277659313e-01
5.386826460839612141e-01
4.237227704255746574e-01
1.354354932287785651e+01
1.387524080452549491e+00
1.172382067982901122e+00
1.137472909334685056e+01
1.387439623970756486e+00
8.693689262053234668e-01
8.782534997318353076e-01
7.451513334021772073e-01
2.173897227409599675e-01
6.058506205114688736e-01
9.627469409775611942e-01
9.247268663079625250e-01
8.952954152265364396e-01
1.417442659525762538e+00
1.320655876785396865e+00
7.276178364650472963e-01
7.452030871048109795e-01
6.144900564210707961e-01
1.430760782908659046e+00
9.511640381306379899e-01
9.467151229020318581e-01
8.409341541197565828e-01
8.665779516198764965e-01
8.195027824311644782e-01
3.686821557012692807e+01
1.556105533189368284e+00
6.481276539861745789e+00
7.778850890257948958e-01
4.768237448562664405e-01
5.964793274802786538e-01
5.643027336083189516e-01
1.364886300750096870e+00
7.525508750728131524e-01
1.496602952713983026e+00
7.462196946609415127e-01
1.914888125602287161e+00
2.675972508518519311e-01
1.050667483116629830e+00
2.624462410201440221e-01
6.308755775839458568e-01
1.614813270228235287e-01
1.113692925982148613e-01
2.908091676426273864e+01
1.567838968933331634e+00
6.914710710350692180e-01
9.106605536006898705e-01
3.219684097487832908e+00
5.203409948284167807e-01
1.421251054918771217e+01
1.222268247097992866e+00
7.750413798647562968e-01
5.731099863891070401e-01
9.307040127991316192e-01
8.799369681945130139e+00
2.177060702551361082e-01
2.143884128222513785e-01
1.230223258555287025e+00
1.010277807341515288e+00
4.315822200993374436e-01
1.283937244580674708e+00
1.286606265867715093e+00
6.049019250364677802e-01
1.259939747055339065e+00
1.114653778481498270e+00
9.891121157860572888e-01
9.781001267525210041e-01
9.091501715427804386e-01
1.032612727057625968e+00
1.227196233424808325e+00
9.676564044694214717e-01
7.558230987616407770e-01
1.034782331333439664e+00
1.241235458205119491e+00
1.417673707693275942e+00
1.945485405557291436e+00
2.289920872575290645e-01
3.903514234756675361e-01
9.559460718494932507e+00
5.082539882983203583e-01
2.732642528289233486e+00
1.660317163913457961e+00
5.153234492336470352e-01
5.566998673415936016e-01
4.270466207446409479e-01
4.392441844511656424e-01
3.198924708057331756e+00
2.620203942538493980e+00
1.984089071330634502e+00
8.693231093905514628e-01
5.092958854867821739e-01
6.971447835452950770e-01
9.492237306280481013e-01
5.079673826320494356e-01
3.166496962977505270e-01
5.990842243693739189e-01
6.759033834240153471e-01
3.331410412071326377e+00
5.658539553241690445e-01
1.095444132037231233e+00
4.312449092883783308e-01
3.324224119056783167e+00
5.516090035901345168e+00
2.231806575124050784e+00
1.877906966788031795e+01
6.803958607462496921e-01
1.194781395976544758e+00
9.484014672359827314e-01
2.343791368260412611e+01
8.140730829794092793e-01
8.347345260338102646e-01
5.531490144115682739e+00
9.664899775275556104e-01
2.236037951293031956e+00
1.113779278349669610e+00
3.654565396442233691e+02
5.953216700763436897e+00
7.922484054149844246e-01
1.129291253757706004e+00
1.100505213541650429e+00
2.389277029380020068e+00
4.669192862592288940e+00
2.754418160498553481e-01
1.275932236796868180e+00
6.386212466315676073e-01
8.791494044049595891e-01
5.929488664058433223e-01
4.236476118790555856e-01
3.253203152836580681e-01
3.866654272859102459e+00
3.727676935124303870e-01
7.831166447430901734e-01
1.229292450111010071e+00
6.072788470554005835e-01
3.039160291771001443e-01
2.812440434774225451e-01
2.711533196471747620e-01
8.701423877907275894e+00
9.090463220634062980e-01
3.219564517239250634e-01
5.386575925439276435e-01
1.854094992631809991e+00
1.051900150798324995e+00
2.702737960236685666e+00
3.488789065740883766e-01
1.794317279049587599e-01
1.977140987199442479e-01
2.706857279762350799e-01
1.098283195562548942e+00
5.163801114333608222e-01
5.600865427992847145e-01
5.953907347093320146e-01
2.923640214940129156e-01
7.476093564341977915e-01
2.508934915150816680e-01
4.516614585527201631e-01
1.008341749822668332e+00
9.928606209356544809e+00
5.209195620110873559e-01
4.094718320702853687e-01
6.581627601720627663e-01
1.407957026323654226e+01
1.945808230041658859e+01
5.010844545260640936e-01
1.346861693561077544e+00
9.737423183328069998e-01
2.682727313968376048e+00
1.319516115021618807e+00
5.248491627007867422e-01
1.310746438254671187e+00
7.653921208223688488e-01
9.620579248989096222e-01
4.861100750137140047e-01
7.574279451171479494e-01
6.016039939403040604e-01
1.430789689991218250e+00
1.049203798265883281e+00
6.924806637972511503e-01
4.150024082314912044e-01
5.439894965438343277e+00
1.970496993985922041e+00
1.574557842505763361e+00
4.454250785048818884e-01
1.709506610983753561e+00
6.964883100280020445e-01
2.980934212134596972e+00
3.706018713546052057e-01
4.244517040465046520e+00
2.386529502418503201e-01
1.094122719321680037e+00
9.782867167586721813e-01
5.450741718514487966e-01
3.161799174400712786e+00
6.334130911814011000e-01
7.022623175202772350e-01
4.500875147441360524e-01
2.300297658022524061e+00
3.966458839646106460e-01
2.107002963851592470e-01
1.039093654635374842e+00
2.094625780210428001e+00
2.446714921327996617e+00
1.022623282708373216e+00
1.989279143897492386e+00
6.843536749858554202e+00
6.363020432679730165e-01
1.996970229012968501e+00
1.582116260454804024e+00
1.544249969026108449e+00
1.324019170330638373e-01
1.385865427438538244e+00
9.931412605845653108e-01
1.037604392474511972e+00
3.622748380526298106e+00
1.583422274745534963e+01
9.725443797546123870e-01
1.142478948605457179e+00
1.057325160428709721e+00
1.048155625771332033e+00
7.733650211487562709e-01
4.038886484713651193e+00
1.990758230670065521e+00
1.318895273277560287e+00
1.556831439290447427e+00
5.050622036277350180e-01
1.129199498095604159e+00
8.326329488745739527e-01
1.154132268373363912e+00
3.961787235611212932e+00
4.126799740519291326e+00
1.125989705029944332e+00
5.954036076925246501e-01
5.090947729663105825e+00
1.057468608171730606e+00
3.464193116446077081e-01
2.518538238443892574e+00
6.604105012885217452e-01
9.149251904720117068e-01
3.727380872840949433e+00
4.012565365150365437e+00
1.138960807563133448e+00
1.277155158300753435e+00
4.521277666211316415e+01
