0 0.588751676127 0.0735173829859 0.164697775684
1 0.381708262146 0.280797516891 0.425553473873
2 -0.0312807878867 0.954651636175 1.5442446705
3 0.263375447443 0.249140434858 0.404350789929
4 0.980770201653 0.473633580325 0.844863637718
5 0.485614581439 0.634947751984 1.07107413284
6 0.460028205379 0.312770785006 0.496781153251
7 0.610430734592 0.722286141167 1.26811104164
8 0.648140231198 0.460544576513 0.801571175974
9 0.339425664981 0.450064160175 0.70854439631
10 0.575369604288 1.68176549893 3.04046494256
11 0.8960137474 1.46967200584 2.78647848137
12 0.663769295282 1.62734566741 3.02788677358
13 1.10709545953 0.730350390323 1.46790540432
14 0.760631344233 1.4731580268 2.80176415325
15 0.0621501207506 0.736569251127 1.22271575236
16 0.0888579077791 0.73336150543 1.22606148583
17 0.157677603361 0.763609770988 1.26517731834
18 0.0472407304258 0.747096149061 1.26219587966
19 0.0752286978074 0.725131077789 1.20937166367
20 0.118261973291 0.609497095529 0.965635665214
21 0.11826197329 0.609497095539 0.965635665219
22 0.146407416303 0.591656919465 0.970570916381
23 0.651288620594 0.105931890343 0.236841553596
24 0.683191422325 0.109260303227 0.227833325793
25 0.66286050247 0.111132737664 0.227487499677
26 0.665257198626 0.122985845326 0.244512247433
27 0.518797139803 0.34901956993 0.571206918179
28 -4099.78010797 12078.9772435 19836.8551545
29 0.37925929244 0.520621374636 0.839803881857
30 0.372037161864 0.536662143485 0.885642485375
31 0.719868924355 1.70198058591 3.11117475952
32 0.137477403757 0.609697608977 0.951450179823
33 0.170608382104 0.483774272742 0.712600311396
34 0.462626927005 0.547246254003 0.775417134944
35 0.716183641022 1.70217971089 3.11143450335
36 0.852986989932 0.335377776215 0.645356260452
37 0.937053889278 0.293928436511 0.537009945242
38 0.830981160996 0.634507587172 1.11043747241
39 0.14297797656 0.604974542809 0.969793242419
40 0.289465800515 0.38170189001 0.595464243491
41 0.26905851109 0.407741315532 0.669421811709
42 0.288138568688 0.376854878616 0.590320139616
43 0.285156300953 0.383404948128 0.600850505184
44 0.397599712754 0.295436723896 0.475737561519
45 0.518859157631 0.0614087592742 0.129241667218
46 0.204658515282 0.597790363403 0.954326226381
47 0.17876713464 0.591813544421 0.932651885077
48 0.167350296793 0.597576277706 0.94837673236
49 0.256450999144 0.423507215799 0.688633998296
50 0.289402471651 0.3818297445 0.598808901237
51 0.290355054204 0.380470186846 0.596525601037
52 0.512054338633 0.0643312486015 0.168103905038
53 0.529818856142 0.401365206692 0.648263221985
54 0.529967978447 0.384187437102 0.624355360333
55 0.531012546133 0.38036448518 0.615055885785
56 0.527366762905 0.380624831152 0.651572887973
57 0.994287887887 0.793025537692 1.51482793416
58 0.538854230957 0.838843537283 1.57714205265
59 0.44789622195 0.611093518359 1.00771756917
60 0.532087367413 0.365624017471 0.602659749338
61 0.950320467958 0.160105068819 0.516760111184
62 0.539460645781 0.851277759437 1.52782164311
63 0.541024927011 0.882125490435 1.57871500111
64 0.530524498183 0.844587217189 1.530863074
65 0.544362308093 0.86982764724 1.59555697663
66 0.539413861919 0.857879885516 1.56121734555
67 0.527366762895 0.380624831171 0.651572888028
68 0.5680865634 0.688575766354 1.19024228397
69 0.706519139715 0.299742798516 0.521329069346
70 0.700086993884 0.185104439648 0.343800564303
71 0.616700787916 0.0281856482801 0.0807277480445
72 0.614135306395 0.0285796937348 0.0752861778872
73 0.721350946413 0.206017397652 0.33157875475
74 0.322352259285 0.448250390384 0.738061401759
75 0.506094450971 0.482065284285 0.528528329196
76 0.581312725007 0.179142473669 0.219508326674
77 0.554139707442 0.0509141012362 0.00674182753358
78 0.51225722143 0.00648753033771 0.0947368678797
79 0.429578987699 1.23250595021 2.28266896107
80 0.500096463962 0.9024859081 1.56804501878
81 0.539658644665 0.584343507991 1.04489469732
82 0.426219603601 0.318993974394 0.517895204525
83 0.0552095955479 0.617515298952 0.992879776036
84 0.0501944652704 0.626117382543 1.03517656006
85 0.181689882235 0.622667289451 1.01279561166
86 0.451029835332 0.254605117925 0.424163305764
87 0.450627617153 0.233192112721 0.413323498635
88 0.456902429 0.24732630549 0.381399154206
89 0.157583957688 0.614861018043 1.01223035466
90 0.160810805465 0.62853927215 1.01552330881
91 0.492995772364 0.647336029651 1.07981254803
92 0.421474895549 0.0801833615021 0.137931351869
93 0.631082043602 0.702231055522 1.2351516912
94 0.63103240918 0.690705014778 1.21584220859
95 0.661399544194 1.6889321815 3.07853659282
96 0.29310332743 0.643972228855 1.05934150467
97 0.282562186662 0.642586278119 1.0584829569
98 0.321062282723 0.648609643204 1.08032960209
99 0.275558561309 0.624808250118 1.05895611172
100 1.05341389704 0.860593204194 1.56650097298
101 0.436652705572 1.13220581296 2.02746258523
102 0.263599675097 0.648769652528 1.07135513012
103 0.282065292788 0.649190698802 1.07845689777
104 0.277479684094 0.641095359113 1.06393582313
105 0.289649002119 0.621681489351 1.02208142884
106 0.283518886589 0.653382221724 1.04924486117
107 0.278227434306 0.636825120271 1.03523498287
108 0.279133779308 0.638018286928 1.05128504265
109 0.370065712199 0.635126737938 1.14774057407
110 0.292569503513 0.621886534899 1.02041844396
111 1.03401144888 0.773494767915 1.47303170303
112 -0.822532368241 1.31298815329 3.13184505724
113 1.17674996664 0.795528368634 1.47850414254
114 0.630726998365 0.694148766424 1.21253501944
115 1.10813971011 0.799889217963 1.5081540876
116 0.367140186308 0.446749514573 0.724456597482
117 0.38713578955 0.495688023827 0.765149771391
118 1.13634555789 0.74348148518 1.49223605435
119 0.599695955891 0.187460291879 0.322089350158
120 0.317506860477 0.584188351752 0.936672321046
121 0.443342167254 0.0329466691951 0.0742658222178
122 0.749719074738 0.364011596798 0.638727542733
123 1.10813971012 0.799889217969 1.50815408761
124 0.310210272839 0.264059968228 0.317371874574
125 0.907384422293 0.387006506379 0.681246244096
126 0.613006215939 0.197216095775 0.403696312512
127 0.641739114659 0.215700727391 0.385381273228
128 0.690967236222 0.118682417361 0.227898358884
129 0.281801666153 0.239398608595 0.357870276918
130 0.675748404966 0.0867689864523 0.205404329186
131 0.0338571848386 0.0854458285548 0.200949666771
132 0.375368923028 0.201477007054 0.322840475828
133 0.412623031508 0.662370987006 1.14413415508
134 0.0311291927894 0.167822112471 0.368939127173
135 0.457326081255 0.355535955424 0.593445837752
136 0.550836631189 0.0388844252495 0.0879153500276
137 0.545664330151 0.115602885852 0.204468521101
138 0.614427243354 0.701358527065 1.18145866897
139 0.548478170743 0.0386999621542 0.0935129137175
140 0.359999677867 0.343686408414 0.566040766642
141 0.473968372341 0.570097841411 0.926667734602
142 0.465919662595 0.567880984559 0.91847874115
143 0.610765627299 1.36192106678 1.14902275973
144 1.0810133247 2.61191169616 0.722944021266
145 0.389191903158 0.0705632606473 0.152773250688
146 0.640879818646 0.401781105502 0.672796237733
147 0.510481210246 0.376415834321 0.612695931143
148 0.66525719863 0.12298584532 0.244512247432
149 0.693385801334 0.0879855658726 0.195213058122
150 1.32273508202 0.94442325471 1.77508909348
151 0.352764235211 0.651635391767 1.08175730754
152 1.12950079631 0.797289027798 1.46442926437
153 0.738515006916 1.68615391156 3.08955344901
154 0.201141082333 0.192891101289 0.234230430101
155 0.458024855359 0.507136491938 0.808862398877
156 0.459957048932 0.495295949904 0.810709831256
157 0.39148769404 0.191885973362 0.293895050909
158 0.487344963628 0.0979396495435 0.0407560059945
159 0.41358218246 0.388313848848 0.628187708748
160 -0.0504502419823 0.667878088484 1.08595432407
161 0.623236077102 0.360348110005 0.589975158362
162 0.575369604642 1.68176549897 3.0404649427
163 0.430971193766 0.313860127806 0.494033488245
164 0.61482035456 0.0671312606588 0.154948695888
165 0.598420965447 0.761845568133 1.32646075291
166 0.388309086983 0.185237366485 0.301067077312
167 0.644149013864 1.79600110135 3.2601793436
168 1.03447164707 0.778626825141 1.54685070132
169 0.708196490666 1.58006155977 2.88604650425
170 0.471855698641 0.579593868048 0.879383308633
171 0.402072891212 0.582399513184 0.898198558521
172 0.290337416628 0.631451229372 1.03139060874
173 0.349130195072 0.627357079655 1.03112534503
174 0.605154857543 0.000720686403429 0.0419429418088
175 0.74779004851 1.63169955352 3.00587183482
176 0.429710705446 0.128247825496 0.227475899134
177 0.228471381416 0.317804153706 0.456043836678
178 0.504672627583 0.149387930399 0.362440071723
179 0.463374900735 0.463133682963 0.734955029463
180 0.428831964624 0.339458508966 0.546616367135
181 0.428831964624 0.339458508988 0.546616367124
182 0.380434236858 0.396682826722 0.648916483054
183 0.512612192255 0.269750088797 0.445470312561
184 0.349602289525 0.228472881455 0.370710104829
185 0.520393367193 0.272095373483 0.461787440901
186 0.352962078178 0.217385054384 0.371540586921
187 0.421233307031 0.40072189669 0.602202635121
188 0.473134090044 0.491297238155 0.791548636416
189 0.073031019247 0.311946438296 0.475015562319
190 0.712447494626 0.0254553145325 0.123700595969
191 0.783540482747 0.133438563177 0.329424087166
192 0.549470411887 0.290671798519 0.474905714042
193 0.0142203748876 0.727389520951 1.22283439533
194 -0.0222328720862 0.730489250366 1.21484791766
195 -0.0533641822031 0.735187023854 1.20737859806
196 0.312051181541 0.647115188611 1.06574898376
197 0.312690792422 0.649945798087 1.07353992773
198 0.337755640932 0.648165410613 1.07336924737
199 0.316791645137 0.647400938001 1.06636313173
200 0.307101009169 0.643497677926 1.06391210765
201 0.270380270403 0.639017440665 1.07193707192
202 0.302410111845 0.646158874293 1.064190695
203 0.488628096247 0.156752074148 0.282021940902
204 0.488644045723 0.157051996136 0.281604274437
205 0.490924578449 0.159815652642 0.278011587277
206 0.568294374855 0.0913753712406 0.191911330064
207 0.271224175551 0.633217966626 1.05813580358
208 0.934457393313 0.442429270826 0.862206271044
209 0.919122080625 0.366619962264 0.643936395945
210 -1506.53784579 2245.13087897 18269.175736
211 0.463280312366 0.231318550159 0.265331943015
212 0.692467034071 0.623751064828 1.06685422873
213 0.693295346256 0.600688389747 1.00774111648
214 0.855894081014 0.198822650295 0.379095138729
215 0.64654830948 0.787432500793 1.40215773345
216 0.540941253364 0.0903067933367 0.155415512144
217 0.596146477864 0.752504529508 1.25652831945
218 1.02207897814 0.226949006074 0.430990240574
219 0.34740137272 0.621624225695 0.995577163787
220 0.545609642588 0.460276037195 0.754455450497
221 0.447598129389 0.10355010511 0.170848667729
222 0.465414792417 0.252159558464 0.453319854965
223 0.50396835513 0.327591979472 0.538264653626
224 -1.64037138291 -1.21296645148 1.27508291784
225 0.165538715694 -0.0392585542558 0.0516358201062
226 0.459403097463 -0.288784660956 -0.220309301124
227 0.471796733535 0.0205203965242 0.0462752088058
228 0.468880036034 0.0198962918525 0.036165218712
229 0.526788401269 0.205347924313 0.33303348418
230 0.515563204655 0.225221332765 0.374149785311
231 0.522387277669 0.202456132766 0.326756561968
232 0.523483705038 0.206310150175 0.34732621806
233 0.514350602877 0.236393435176 0.398015557537
234 0.174751466859 0.636683826947 1.04702913705
235 0.202941694938 0.630460090266 1.01693799751
236 0.776045163186 0.826319193151 1.49488084084
237 0.759519918105 0.130259199288 0.246139555477
238 0.759237590393 0.478530708951 0.845106448362
239 0.395537873108 0.759583516158 1.30376084069
240 1.02272987101 0.850845353783 1.44183668648
241 1.07992633037 1.39482038924 2.51317216483
242 0.72388396288 0.444779143925 0.776126879274
243 0.924304982444 0.500139016127 0.877012077924
244 0.521034389724 0.63927234432 1.08545088703
245 0.329475573417 0.47827726839 0.787489738553
246 0.522801794554 3.90938056175 -0.71301195909
247 0.57095414816 0.573672103828 0.925148351419
248 0.536781810723 0.526199601956 0.894074896667
249 0.279357723543 0.547396228888 0.865573407923
250 0.443521331974 0.617664083458 1.02806589321
251 0.885065182273 0.857955386939 1.41597314529
252 0.910483679444 0.358602933202 0.655514674483
253 0.506758813309 0.11570164873 0.203178074342
254 0.522340051322 0.0896642662223 0.15209157683
255 1.02496014775 0.862267665405 1.47529439958
256 0.772410556531 0.648963618085 1.12499090193
257 1.1574565883 0.780543615955 1.39282892681
258 0.494532972139 0.0890530874206 0.137951789095
259 0.502456706648 0.0481433477069 -0.0215496873558
260 0.13677688605 0.483361992293 0.379839056123
261 0.631607560271 0.0741318911367 0.152244606407
262 0.542461396848 0.110055489122 0.191632084304
263 0.533151600461 0.125157758401 0.213721306889
264 0.536407834775 0.127399142872 0.228963560514
265 1.09043186722 0.876847772955 1.5239666433
266 0.542331541029 0.109749839985 0.191524428798
267 0.534875002055 0.125109934895 0.213314594706
268 0.534119389764 0.125091716751 0.225744852062
269 1.02271289094 0.849213861112 1.48416890194
270 0.33174826582 0.173777466522 0.277214605215
271 0.308747943096 0.535042918703 0.960533996207
272 0.452983914899 0.177446505721 0.948205980464
273 0.404844782317 0.574101194373 0.775601431881
274 0.157677603351 0.763609770987 1.26517731834
275 0.663440352012 0.0329776804429 0.0873823795323
276 0.400342630074 0.375935569392 0.598785213109
277 0.304056859182 1.2138524327 1.66643704907
278 1.07347765165 0.794872360056 1.3171148273
279 0.231132076081 0.0790958122739 0.153867672539
280 0.212525194404 0.628585605025 0.972004180173
281 0.0991726018543 0.624870891295 1.0198218738
282 0.478064143783 0.285089373239 0.490800672695
283 0.471896184738 0.704526169134 1.21257377604
284 0.360143970659 0.335182264355 0.551234041145
285 0.608707300075 0.116452979331 0.220612134631
286 0.659131967223 0.0528572614168 0.132024995672
287 0.731689625115 0.788637043205 1.39650391036
288 0.527366762904 0.380624831145 0.651572887969
289 1.28038202637 0.838508048433 1.81710086456
290 0.759929164739 0.0151124065512 0.050403502922
291 0.507962604116 0.190156453859 0.328651394273
292 0.837176425481 0.233178673784 0.477801673835
293 0.662041174208 0.138692260331 0.26943733835
294 0.689771100243 0.126667060593 0.239497064182
295 0.67845254581 0.137682334938 0.253735381698
296 0.508950176703 0.187980750919 0.299113792154
297 0.33252370171 0.603336977855 0.980956580199
298 1.37271739196 0.914886733168 1.59986705029
299 0.793390325086 1.73098036062 3.14816617778
300 0.761614936935 1.72577307261 3.09087783285
301 0.737169790749 1.69158586683 3.08993823718
302 0.728196922773 0.522737849951 0.290699698879
303 0.37904012517 0.512848207485 0.824405004469
304 0.489328647818 0.430079083063 0.701137841681
305 0.556883504099 0.713436047712 1.23855523787
306 0.705588562605 1.6925668236 3.09244593391
307 0.172354242764 0.35479027563 0.546995453882
308 0.651502379323 0.587689487295 1.00189463483
309 0.630726998365 0.694148766424 1.21253501943
310 0.155316334205 0.536938984608 0.870839610364
311 0.88580498655 0.80092475389 1.23020642787
312 1.17124526989 1.22807756807 2.16762468108
313 0.648268690722 0.581413314261 0.973611119545
314 0.842940524457 0.945220143873 1.58852710171
315 0.761614936969 1.7257730726 3.09087783283
316 0.572910795371 0.6881282554 1.18969347117
317 0.609939972267 0.643195112577 1.07364472856
318 0.521246982752 0.0897291802333 0.151089376606
319 0.467854684327 0.330648138448 0.516343759712
320 0.220612974845 0.485922940757 0.75350303017
321 0.741119393948 0.511178171601 0.877881294889
322 0.528445591081 0.0324657831011 0.0762788377998
323 0.788911159467 0.457398644697 0.802438895017
324 0.404923580584 0.770887179462 1.2787231823
325 0.119581793845 0.663481222526 1.08579909486
326 0.204349197996 0.650200028888 1.06852582685
327 0.201638618146 0.650300786046 1.06734224694
328 0.177858121491 0.667634022416 1.10764271667
329 0.172958744593 0.655384756024 1.08030045121
330 0.225336610364 0.648769360774 1.07118223116
331 0.624692344379 0.0352527410342 0.0954289282934
332 0.625299447911 0.0380848122029 0.107114917203
333 0.621854017657 0.0391155755723 0.0981098144877
334 0.625299447941 0.0380848121933 0.107114917186
335 -1.72334405282 1.88142076615 3.63281155245
336 0.594593466797 0.765902021153 1.33914389215
337 0.734385962144 0.397591149234 0.580282646933
338 0.514009154476 0.579433841587 0.961777110014
339 1.1380231183 1.45419932346 2.64400007288
340 0.526097604784 0.610041731652 1.01766399496
341 0.514225665036 0.109146064879 0.191555684766
342 0.947745708006 0.442748226601 0.748260942421
343 0.185135620845 0.255214672061 0.366793860154
344 1.12891475079 0.881184330477 1.53451591509
345 0.277869958915 0.642545166055 1.05770339929
346 0.749553293806 1.71055602758 3.1280450816
347 0.374439659094 0.390696653113 0.620921382083
348 0.572586458156 -0.00228986500558 0.037907139578
349 0.419958917698 0.346349217296 0.554464492199
350 0.596912051136 0.153721249443 0.300717829405
351 0.415042997734 0.351696445441 0.579083749538
352 0.416768987398 0.346706486167 0.577261383473
353 0.946753468069 0.782090949474 2.2379677667
354 0.795688605829 0.0678586678639 0.0778539930888
355 0.811055259448 0.24474096871 0.444549943937
356 0.289654649154 0.634325822782 1.04032904453
357 0.683218880517 1.71908246392 3.39326433643
358 0.826767611007 0.540653934924 0.902676864514
359 -0.135606033055 0.45834160223 0.441481198142
360 0.970114894782 0.479708468142 0.861703220848
361 0.549958100314 0.0388147431342 0.0971492883861
362 0.628288960881 0.2098912322 0.359388874341
363 0.283864307561 0.659569631454 1.10307439302
364 0.841067545081 1.73077372292 3.28216767169
365 0.464412951089 0.353795829163 0.568037931859
366 0.457401065589 0.293133990649 0.474294590958
367 0.0236593963826 0.122083711976 0.168761848403
368 0.306657312043 0.575546080016 0.946407978425
369 0.59985276602 0.153561079971 0.284057954037
370 0.476071179775 0.645001097761 1.09745620402
371 0.632190975005 0.262641912052 0.40491345569
372 0.665141660121 0.905341731802 1.62086350866
373 0.472829395624 0.652760666314 1.10423910507
374 0.476368642143 0.648989574875 1.07701146862
375 0.440153872088 0.635294179796 1.06106660804
376 0.448984138386 0.63569536795 1.06616390779
377 0.441677774037 0.63134980741 1.0522210361
378 0.457808227356 0.640479908085 1.05838033799
379 0.481262504276 0.643942366343 1.06736862665
380 0.450014081323 0.633224110777 1.05970422313
381 0.476627046147 0.629795440896 1.03593329882
382 0.447738161107 0.640341922643 1.05716290702
383 0.476763572328 0.645062034542 1.06671716017
384 0.316077452831 0.647337937906 1.06614260169
385 0.348594242411 -0.0373211860426 0.0684014649489
386 0.47622295336 0.390167308259 0.645316006128
387 0.460491896266 0.429946727994 0.657787173634
388 0.724237293952 1.70135778095 3.21812027553
389 0.556277671586 0.518961545831 0.869254692938
390 0.532375876588 0.814844648554 1.32682511805
391 0.568086563402 0.688575766357 1.19024228397
392 0.384935841456 0.482868512409 0.789041537028
393 0.399425707682 0.482434973832 0.793164046099
394 0.483066781583 0.455729832282 0.760679445286
395 0.608871933241 0.246403909618 0.410343995668
396 0.750815095742 1.04871484686 2.21139676234
397 0.928717028455 0.604088433604 1.21533501038
398 0.724237293953 1.70135778095 3.21812027555
399 0.326010298827 0.540564220501 0.869861925145
400 1.12188819907 0.751776211851 1.41763227102
401 0.689106265922 0.510318613993 0.854923599189
402 0.745194122443 1.69827743268 3.10860782564
403 0.452143379748 0.511837884118 0.8376022532
404 0.463605060673 0.270872484245 0.441622742336
405 0.519095492328 0.215422126776 0.342253955201
406 0.574886019281 0.166026985934 0.27432001804
407 0.660400106798 1.69390450966 3.09324929748
408 0.476247717499 0.835690590723 1.4732065678
409 0.454015092651 0.639932124652 1.067382478
410 0.527988572615 0.0966290652408 0.191738127956
411 0.720478462061 1.68272985556 3.07242986467
412 1.38927493823 0.862338376047 1.62840335308
413 1.05559775936 0.835250318044 1.44204038429
414 -0.321098888019 0.389295004891 0.262034483176
415 0.506748389532 0.126507070109 0.214044518435
416 0.609294287052 0.666043130417 1.14301507478
417 0.878770712392 0.227217469867 0.41364342383
418 0.746653467012 0.977998868596 2.10214991939
419 0.388574075523 0.478325728354 0.771961659563
420 0.382084700321 0.478647424361 0.770033504174
421 1.25638972451 0.961651962431 1.98373519133
422 1.05082520077 0.904869632345 1.61179029573
423 0.990137444388 0.938186865849 1.7648726115
424 1.05890458315 0.865179234695 1.63280591603
425 -11.2885062103 4.66590874404 23.4441533276
426 0.70667033887 1.97428865484 3.87371639076
427 0.406430614398 0.557277119693 0.801956229737
428 0.155486325688 0.599778947087 0.950589999628
429 0.829911607839 2.1743539575 3.91739533048
430 0.393045613534 0.383424388939 0.52503823237
431 0.410705450287 0.878581655946 1.37038107716
432 0.532230240143 0.318126829845 0.553273985296
433 0.440358069026 0.340599254306 0.539790349873
434 0.504082521213 0.638097256712 1.05917588639
435 0.690918748751 0.0824331969686 0.156673119316
436 0.626086020544 0.341149267825 0.346716226269
437 0.612498021305 0.137843882446 0.24982556006
438 0.66115398788 0.127655557909 0.245933841058
439 0.11289492659 0.570026718267 0.720480290765
440 0.514350602878 0.23639343518 0.39801555753
441 0.348838668926 0.491604269753 0.78396890403
442 1.14113676231 0.746584092157 1.38794103708
443 0.602632353745 0.134320814229 0.255214805927
444 0.544839700155 0.177519553186 0.304764559688
445 0.544547862831 0.175388317294 0.305920850313
446 0.428620518535 0.359218930353 0.577207996846
447 0.0673229890152 0.492106682157 1.31897260696
448 0.525159037267 0.0213994088895 0.0582471310328
449 0.375981106595 0.251940186375 0.393048890773
450 0.432645165719 0.189635025738 0.297713732679
451 0.738155235962 1.69381066114 3.10695531883
452 0.282888341059 0.635797241625 1.0509398895
453 0.906096699807 1.39398746412 2.45093289192
454 0.594281191368 0.273577289095 0.460088530476
455 0.597397271816 0.276784456535 0.478659251
456 0.598147691364 0.277544067816 0.471692420112
457 0.601245227198 0.279504797112 0.470278591333
458 0.118537543688 0.148906197955 0.199953012964
459 0.448984138383 0.635695367949 1.06616390779
460 0.443321519214 0.662344296475 1.11423925677
461 0.522387277684 0.202456132771 0.326756561965
462 0.51917786442 0.192690874501 0.339451164976
463 0.430408139266 0.0929011270031 0.154372387287
464 0.518311177985 0.195652057278 0.3407692671
465 0.497777656633 0.963028767292 1.71346603535
466 0.201943388715 0.664802264675 1.10530044161
467 0.643158452504 1.71747442398 3.34273872672
468 0.284170252151 0.254224225099 0.400403398555
469 0.333241383041 0.263293321605 0.351581191661
470 0.258773274786 0.477967231922 0.76689440387
471 0.952944646951 0.852253374606 0.996331140922
472 0.703370212826 0.827630821413 1.72177149819
473 0.462283450409 0.34235167955 0.531335675868
474 0.976973630228 0.164273792781 0.313348159962
475 0.43075669985 0.653251474646 1.08937149326
476 0.716183641273 1.70217971074 3.11143450305
477 0.637821553453 0.663816099187 1.15699416368
478 0.485565545734 0.265499921358 0.343924906138
479 0.518062772974 0.231465504399 0.481501918767
480 0.677044940963 0.109290668448 0.209375795521
481 0.305048411533 0.458410283769 0.728861444873
482 0.24141982876 0.411717334517 0.657391194009
483 0.509634846098 0.0784768466399 0.132965774475
484 0.502044817406 0.0731652588174 0.149650389646
485 1.09957786434 0.704259505583 1.36274163638
486 0.300819898852 0.50633372694 0.759517789314
487 0.585927287129 0.111905322818 0.191807216451
488 0.475026599485 0.425531555411 0.690929014127
489 0.666453228109 0.426299756915 0.273646111335
490 0.110942727656 0.596154864555 0.950796501259
491 1.1634603391 0.798326984413 1.4720999612
492 0.516795709997 0.139530460155 0.247195495958
493 1.04664611796 0.791908335098 1.31216914675
494 0.267840387912 0.646933499079 1.09620433836
495 1.134943947 0.767866016354 1.22709662873
496 0.384781384265 0.367355712076 0.563364365794
497 1.07992633041 1.39482038928 2.51317216498
498 0.495413225798 0.235576095371 0.406698569118
499 0.488192225195 0.24755815871 0.32033919672
500 0.570025797351 0.0241872805095 0.0538192457575
501 0.528255612247 0.10501251801 0.185974652461
502 0.360130583673 0.653956339028 0.809950344169
503 0.398627061293 0.156062428808 0.23988707673
504 0.41659875633 0.162200860956 0.233555963867
505 0.396814089687 0.159885725884 0.251179070675
506 0.709242400247 0.376508400006 0.321934779959
507 0.336906506587 0.272952223784 0.42247728975
508 0.363956098148 0.38703548997 0.619523711651
509 0.93470561065 0.22328514992 0.400555845939
510 0.524174127761 1.67686399288 3.04085582499
511 0.788384871152 1.6270171207 2.98388295436
512 1.34112788693 0.637728856052 1.14105547702
513 1.14984422966 0.78201952486 1.29294812432
514 0.720588954948 0.598592154476 1.01952683512
515 0.476763572287 0.645062034536 1.06671716015
516 1.31450634913 0.611268264801 1.0361951542
517 1.30245540383 0.621096705924 1.04765580374
518 1.07347765166 0.794872360059 1.31711482731
519 0.59657798881 0.664684305721 1.13925267147
520 0.618935288759 0.933542719991 1.64681314587
521 0.601112425458 0.91994444633 1.62171645461
522 0.609169409404 0.6536201406 1.11832350489
523 1.04934884394 0.130374115679 0.514036142082
524 0.858370417507 0.382883905588 1.37843059526
525 0.720588954949 0.598592154482 1.01952683514
526 0.567797336412 0.687111863086 1.19191088279
527 0.584704479472 0.685285995901 1.19222996629
528 0.590415174834 0.693365372577 1.18676529509
529 0.334297248771 0.580576794562 0.948951260478
530 0.720478461972 1.68272985556 3.07242986472
531 0.749974670641 1.67872328781 3.07842675183
532 1.01461729295 0.158525694778 0.315658245613
533 0.780754400712 0.650987095918 1.13530280286
534 0.125863470833 0.605237423386 0.945353014619
535 0.254636684615 0.648827108001 1.03113434557
536 0.27642350111 0.628970078932 1.02066074738
537 1.15499920074 0.806190216647 1.4698077965
538 0.324471013032 0.282949080003 0.257766378742
539 0.569128090172 0.192041271176 0.188133643552
540 0.620372436218 0.673314611565 1.16764268931
541 0.0634109652989 0.348212018643 0.537787101038
542 0.412661030767 0.550175474301 0.653453989995
543 0.283863102756 0.640065863586 1.03431888763
544 0.390276045206 0.261915045565 0.418647582234
545 0.739603509491 1.69431283111 3.1071574481
546 0.787779194501 0.4665118028 0.806285127356
547 0.532852316089 0.636726600245 1.04742038089
548 0.682588967409 1.6509630692 3.07323053274
549 0.487023789294 0.12243058424 0.0585112963007
550 0.969421531858 0.339552299175 0.598928945306
551 0.663684640841 0.711097247699 1.22002661191
552 0.578162328243 0.525215062887 0.310924629596
560 0.635316570182 0.0109078022546 -0.140607547466
596 0.589987121659 0.0751823428241 -0.111404620037
664 0.548448815716 0.102560182283 -0.10402402701
666 0.532069324318 0.0934450731406 -0.102841342884
700 0.644380046514 -0.0596627624856 -0.270564538613
702 0.580572975052 0.0178931662746 -0.098374302836
729 0.602751365267 0.0817865511349 -0.107448925481
795 0.560575005891 0.0193203116809 -0.0998993857222
821 0.605062310226 0.048224741569 -0.0959942839407
823 0.602441356964 0.0747568605422 -0.108447387186
836 0.539037971138 0.0602753779261 -0.095541584671
850 0.663974605793 0.0758606242015 -0.0235568755383
898 0.586612421118 0.0140486288081 -0.0832901974116
901 0.585119743553 0.0171341270693 -0.0807669250483
913 0.553281189029 0.0224951330545 -0.0999388687162
946 0.643562637414 0.0540117506307 -0.0539254405897
1010 0.607082185425 0.0967500321541 -0.0974984568921
1063 0.599100214477 0.014309984742 -0.0870175168563
1066 0.593022019326 0.0121108939493 -0.0865159985744
1071 0.581268343502 0.0203858833262 -0.0916115350547
1137 0.650772343847 0.0532961108012 -0.0516998834461
1144 0.649922460645 0.0551490859884 -0.0483334836877
1245 0.515792626859 0.10578597766 -0.0805644134996
1285 0.625161774557 0.132723457461 -0.0714827585782
1325 0.587366360949 0.0177356991355 -0.0773511537071
1387 0.641476950656 0.038811610552 -0.0596339039105
1426 0.590630674943 0.0409697016614 -0.0971504578231
1436 0.578862752295 0.0469641305815 -0.103190320035
1475 0.575912890367 0.0516628545741 -0.107545879383
1504 0.591602182623 0.0576976040629 -0.102450489038
1549 0.584955007305 0.0748451645693 -0.113967504279
1550 0.620579546255 0.0732889747747 -0.0904406907832
1577 0.57872429748 0.0790782203488 -0.116882342809
1589 0.657588790802 0.0880024224555 -0.0270004173062
1599 0.657423017549 0.0945038854357 -0.0155899504605
1657 0.586147736259 0.124547317194 -0.103202762678
1794 0.646218523793 0.0356880326241 -0.0462100237977
1892 0.600646564748 0.0401880142176 -0.0953036257159
1901 0.643365921384 0.0480576742922 -0.0520143405063
1947 0.572720588964 0.0514481422331 -0.105744893376
2009 0.588309823027 0.0565595569795 -0.104149755284
2104 0.576889702627 0.0782372214515 -0.116197627805
2259 0.63720809907 0.114966534854 -0.0566758230368
2262 0.575744270639 0.121328157382 -0.101953371683
2284 0.624056872932 0.128515330945 -0.0693200326504
2313 0.589400652859 0.150544330586 -0.0943540513547
2810 0.625264792767 0.0866393644929 -0.0810155974578
2987 0.639040086046 0.112615596256 -0.0580663245656
4027 0.609133164317 0.141481991662 -0.0801899528886
7006 0.597273898906 0.0575716704337 -0.100823910636
8612 0.567105343054 0.172354106898 -0.120878174538
8615 0.624763733458 0.173926844273 -0.128883258702
8634 0.376401857579 0.0677811066069 -0.134178015237
8635 0.624694418953 0.14273659226 -0.225823966906
8644 0.597041372633 0.26610548644 -0.264935899604
8645 0.625101525461 0.2664880833 -0.247602066904
8646 0.637139221511 0.26206518276 -0.247280203108
8658 0.468567435468 0.374231747465 -0.339994900136
8691 0.584821741564 0.254855899316 -0.250858657521
8696 0.615529914638 0.279005719396 -0.2540266518
8698 0.600390636701 0.272160652003 -0.24530878594
8776 0.62821693133 0.273255892352 -0.249839274065
8777 0.627498135146 0.2636912494 -0.241176659388
8817 0.455726814211 0.414074704037 -0.299638331688
8818 0.470171097618 0.420015770661 -0.324986199362
8819 0.461292557751 0.416053094606 -0.310135113302
8839 0.518326147157 0.0631644943196 -0.115934808718
8875 0.589463205413 0.253523528248 -0.224642400163
8880 0.594219797659 0.262805586976 -0.238431408084
8882 0.611447163911 0.269358842381 -0.246759658484
8885 0.625192938539 0.272873211632 -0.228773666538
8887 0.617042477561 0.280516557256 -0.211007443575
8956 0.695062514747 0.423731813234 -0.24744273538
8963 0.662246921529 0.430507019301 -0.323365870744
8968 0.574631109122 0.435594629642 -0.30035493259
9036 0.567763723125 0.244071722846 -0.255026017509
9046 0.606386454902 0.270557460061 -0.211072771712
9375 0.614680497076 0.433290228163 -0.285615570664
9380 0.645531808969 0.436244052773 -0.278956523705
9382 0.651403939825 0.446110025379 -0.281385048519
9505 0.506143786486 0.181472439835 -0.304449943717
9638 0.714895612984 0.444160370537 -0.338607134766
11747 0.45832879081 0.629803291526 -0.441892634188
11749 0.797454902003 0.611217460141 -0.379112677017
11751 0.522565860448 0.674490245503 -0.355136559036
11752 0.508821306042 0.688970973922 -0.487335144778
11766 0.470511726167 0.617432567738 -0.446971871187
11817 0.470051910209 0.635917030335 -0.461491485285
12086 0.420767924469 0.491703394738 -0.321387341615
12509 0.729211544423 0.338494929465 -0.207287510078
12513 0.779307935499 0.488704774975 -0.327571976005
12566 0.412172702341 0.333153898074 -0.433874295666
12574 0.410565693003 0.405031444127 -0.334427144133
12579 0.416899364901 0.396376224857 -0.344223753483
12651 0.762526673277 0.406603223962 -0.21747351897
12662 0.330654010194 0.447774377699 -0.36318077071
12663 0.324198326929 0.440543959277 -0.36490554425
12687 0.414725859704 0.114747568434 -0.155801968092
12880 0.677494680676 0.193250752393 -0.218639017373
13039 0.807601319385 0.170279930914 -0.293158853646
13141 0.809005867755 0.311660435391 -0.171627867245
13500 0.560536233044 0.309769312192 -0.250049237864
13638 0.456558429624 0.411567719674 -0.324137918437
13686 0.783937058707 0.596913720469 -0.209250152814
14208 0.775897162427 0.454211832403 -0.252833424942
14217 0.766694903971 0.454663535011 -0.254013465284
14336 0.879415671595 0.667771338603 -0.361171059823
15469 0.715012372504 0.4307121045 -0.296810534756
18044 0.548456720874 0.586026950791 -0.497152073397
18074 0.695523294115 0.650698982607 -0.431492404509
18109 0.43484294769 0.601659113414 -0.496958950075
18199 0.738566278688 0.586070235915 -0.491185988669
20036 0.569569208307 0.317690440491 0.189288132827
20164 0.375229114977 -0.512266654103 -1.04071601085
20234 0.370227204691 -7.19444504367e-05 -0.12684275924
20343 0.787009904436 0.414229911907 -0.233092643808
20498 0.748729565509 0.418139947765 -0.219652492279
20504 0.758171698712 0.365106046827 -0.228787831321
20522 0.463491689986 0.378832847882 -0.411346782194
20609 0.656473506201 0.0729877242442 -0.0488141302531
21263 0.718448033412 0.070556802551 -0.119884930447
21806 0.666781591322 0.0822967050991 -0.0624540235419
21907 0.672654467693 0.0847220247123 -0.0592984345457
22872 0.710323274783 0.127443517313 -0.0372146106951
23611 0.467367848565 0.377239279132 -0.296363608973
23889 0.535389483199 0.143104533252 -0.097470566766
27307 0.802298750602 0.0100892457292 -0.0226235593974
27308 0.80000905851 0.00557058398808 -0.036706322963
27309 0.802136853392 0.00361698209892 -0.0437832483516
27310 0.803107018337 0.000525877860747 -0.0212752491918
27314 0.801796021302 0.016889474973 -0.0380098880865
27332 0.805739319537 0.107661600798 0.00427273239422
27728 0.817481560718 0.0969024764538 -0.0121144048809
28046 0.815555498587 0.0941675036114 -0.0103190134847
28851 0.407209321454 1.00304743626 1.42588689338
28868 0.444006121026 1.04082343843 1.95055665813
28887 -1866.77622803 -5461.07392571 -17766.0623175
28890 0.519478392019 0.920389355831 1.7957300141
28925 -2131.88384397 -5260.37319516 -9360.51635795
35146 0.807327326142 0.0134407130396 -0.0174565131064
38072 0.511156758046 0.0884756337755 -0.0754619248157
44460 0.781232124759 0.109534731637 -0.0388586621024
44674 0.730432029966 0.0577648072397 -0.0239443236078
44771 0.717742414793 0.0489890720717 -0.0482696142794
44779 0.718829471686 0.0557105540005 -0.0477565238644
45063 0.730708668911 0.0591508039932 -0.0195330999311
45075 0.714709683107 0.0604688878253 -0.0510633888155
45284 0.714559750799 0.0591808339983 -0.0629139249467
57780 1.59561767659 0.210134820216 -0.213140777258
57782 1.60042003878 0.239320893174 -0.218794221535
57792 1.59382678608 0.251787134994 -0.22895113996
57794 1.48030154694 0.268965569371 -0.238027399587
57835 1.59887286841 0.271921629161 -0.323760883655
59910 1.01274052954 0.0143051132772 -0.673370458916
74292 0.424451220706 0.252622757306 -0.236740078015
77973 0.811897774204 0.289982977077 -0.323584034968
78332 1.07092757677 -0.0613218852557 -0.865990967906
170326 0.716740331974 0.0949876535695 -0.0222954200826
187888 0.705026891854 0.256593781956 -0.191375509082
297377 1.02234917826 -0.00713569579071 -0.736992295858
315948 1.15123698491 -0.0167510253446 -0.785161707775
315949 1.45390283727 0.139158894592 -0.792363732756
315950 1.39061264739 0.282306517499 -0.850361679743
315956 1.24652536636 0.365824648772 -0.911763172314
315960 1.20401515912 0.197542132169 -0.799188787148
315964 1.32308504601 0.193911340754 -0.863236633002
321057 1.01419647244 0.0193297457386 -0.675023588985
377654 0.982409072703 0.219221030103 -0.0683104336636
377710 0.983981826487 0.210323906924 -0.0964804166243
378211 0.871404229984 0.466803923112 -0.376302669959
380975 0.853280300054 0.479093539257 -0.521741943239
381101 0.940248928722 0.404163173522 -0.416267571743
385128 0.82871503597 0.29043332502 -0.323086647023
