61                                               

-0.129607907927455631355821083203e-1 0.355710777022324875840604301237e-22
0.112749697639953308922907196710e0 0.265912665476836370769539005805e-22

0.121031442339895690312611686147e1 0.118319264816145737272609617427e1
-0.164766834762575737505567202103e1 0.895448810005918536489987145093e0

0.135000070401383726652224645859e1 -0.107238044530609266252893469924e0
-0.412424168685466304519654959214e0 0.306011556436950316627699178200e-1

0.135000070401383726652223623591e1 0.107238044530609266252888876999e0
-0.412424168685466304519650828707e0 -0.306011556436950316627712077133e-1

0.121031442339895690312636617908e1 -0.118319264816145737272582156626e1
-0.164766834762575737505540959682e1 -0.895448810005918536490235867762e0

-0.626806564225354121107841740181e-1 0.670062222430331537094537097285e-1
0.156413854026212774179676661858e0 -0.798566166070929800557161142632e-1

0.645281536147842996185425144137e0 0.362959487480461987745008327513e0
0.826970264950279667702636012196e0 0.231506097973729156466309784398e1

0.252071147201739740082725527117e0 0.487451420246555101843176239045e0
-0.250205407839383545533986773356e0 0.128468977587534740837122886263e0

-0.765131658200545580465572359840e-1 0.237426649459009917290303989617e0
-0.102704006911549879985054529857e0 0.102547055551356172814518354224e0

0.975409623379576795382423280671e0 0.556885097757663369936470730371e-2
-0.729798203394640506404648940367e0 -0.444573924773426022973237087038e0

-0.175889697313027908372560056306e0 0.590631665145396523476839712288e0
0.327614033571441093832314254113e0 0.503953823616415683665645153425e0

0.105155540902730886135927498896e1 0.111903587779566947967545273161e1
0.118001380457440149029705424199e0 0.119670749979996941600129573103e1

0.237116213271902893276454910391e0 0.358795403555463096269982702546e0
-0.167888796949604632319120930625e0 -0.339764538397375624473561143848e0

-0.265837742832340183170216360470e0 -0.532982065729959909316148540469e0
0.282351528910421188156329985310e-1 -0.107703125304471298841057432139e1

0.255004852412266544925727948338e0 0.624635136085224651906724292373e0
0.138045637761990769545249791615e0 -0.993402626420982642111509501394e-1

-0.452307651390112970229956730932e-1 0.969539365402887069122554546719e0
0.404400626172039950330736710510e0 0.328684207155276982297760342393e0

-0.223011033211806900419042483586e0 0.778520294168972815406461041734e0
-0.124072072447887999090392181134e0 0.249893385485303467574203307507e0

-0.237295548722442447070984322759e0 0.117970878831894118326325854852e1
-0.424907993313813630862155699785e0 0.636778780254164010070098127530e0

-0.867990010022104623699056500475e-1 0.515074098773948704443085078164e0
-0.255483113051362240194947614772e0 0.143307001700617498410156824385e0

-0.966377139467391059983847921700e-1 0.778112326247430956298756296779e0
-0.120027137838754300483135589658e1 -0.479902058929531438928949628759e0

-0.342603134900853047552638018863e0 0.673860591944935378323395431462e0
-0.136738455300180311485838054432e0 0.151704412629813613374170150762e-1

-0.665284837680439405113167330504e0 0.380716091592773690016508144524e0
0.377925186052153870066141271649e-1 -0.397934779903307265411745643258e0

-0.704392205338399232978492299444e-1 -0.144020872089921960703494497783e0
0.520718981102688615775249508026e0 -0.650682882607581003703214138324e0

-0.802855194868901770559157557902e0 0.101094684168740120852925271574e1
-0.107528188647383974648790925184e0 0.168158994140342866366379576590e-1

-0.711477775189591175620268213546e0 0.630362123287567596266399160327e0
0.124595548748270972468752996396e0 0.595970368145238706997878763487e0

-0.162077120609518810233796155923e0 -0.384576777943471930933445244285e0
-0.257879357843696262922851415421e0 0.584036204869152310876014410445e0

-0.808749950882380229897595244063e0 0.546915546243521966587243862132e0
-0.924623169440471125043731449035e-1 -0.272331457423529911405691676728e0

-0.890965096673962876588104505674e0 0.906201284009658867891535565863e0
0.152038418701158030998526450022e0 -0.500525679622093865361048624362e0

0.110878750961720005642983567563e-1 0.937811511295916477849220751383e0
0.111662672081949008422847384987e1 -0.151594250304360430063836506493e1

-0.569125248019535199806309607498e0 0.181198078616122816861157797599e0
0.281625403160119990121151451935e-1 -0.418822293589127518606476738580e-1

0.119773993599990825025495332892e0 -0.447236082455349968983943810146e0
-0.958015209738190338283805775460e0 0.425139109235716763520685289066e0

-0.250400328577601820128523449992e0 0.120228752204198030507944437877e0
0.510404379119773127597287134101e-1 -0.175709942754167957936471009696e0

-0.725723157313121482536883622225e0 0.334490271420691190968416524719e0
0.871823667623405716432568718762e0 -0.786920749297679213290765531375e0

-0.569125248019535199806260823998e0 -0.181198078616122816861261893516e0
0.281625403160119990120973390228e-1 0.418822293589127518606757533801e-1

-0.725723157313121482536883590632e0 -0.334490271420691190968415593541e0
0.871823667623405716432569463383e0 0.786920749297679213290766420289e0

-0.250400328577601820128575201722e0 -0.120228752204198030508038158109e0
0.510404379119773127596482219238e-1 0.175709942754167957936459471031e0

0.119773993599990825025498449001e0 0.447236082455349968983937877212e0
-0.958015209738190338283803966899e0 -0.425139109235716763520684324851e0

-0.162077120609518810233786030612e0 0.384576777943471930933446219469e0
-0.257879357843696262922853321505e0 -0.584036204869152310876010733331e0

0.110878750961720005643239125049e-1 -0.937811511295916477849187543772e0
0.111662672081949008422845131677e1 0.151594250304360430063840998519e1

-0.890965096673962876588099730894e0 -0.906201284009658867891530578167e0
0.152038418701158030998529367535e0 0.500525679622093865361050108354e0

-0.808749950882380229897572478446e0 -0.546915546243521966587256693517e0
-0.924623169440471125043787615316e-1 0.272331457423529911405673573670e0

-0.711477775189591175620265376033e0 -0.630362123287567596266398163725e0
0.124595548748270972468752646656e0 -0.595970368145238706997878349745e0

-0.802855194868901770559161051849e0 -0.101094684168740120852923917745e1
-0.107528188647383974648772471300e0 -0.168158994140342866366472225456e-1

-0.704392205338399232978492108066e-1 0.144020872089921960703493866938e0
0.520718981102688615775248398155e0 0.650682882607581003703217617239e0

-0.665284837680439405113166215976e0 -0.380716091592773690016497357861e0
0.377925186052153870066072102913e-1 0.397934779903307265411741263313e0

-0.342603134900853047552568362225e0 -0.673860591944935378323393165083e0
-0.136738455300180311485818070345e0 -0.151704412629813613374629452268e-1

-0.966377139467391059984138745165e-1 -0.778112326247430956298738965252e0
-0.120027137838754300483134482751e1 0.479902058929531438928981095751e0

-0.867990010022104623699507205788e-1 -0.515074098773948704443107388980e0
-0.255483113051362240194966808603e0 -0.143307001700617498410153254518e0

-0.237295548722442447070984314962e0 -0.117970878831894118326325310192e1
-0.424907993313813630862148247164e0 -0.636778780254164010070099420202e0

-0.223011033211806900419030083443e0 -0.778520294168972815406450552863e0
-0.124072072447887999090372808955e0 -0.249893385485303467574182207990e0

-0.452307651390112970229921789948e-1 -0.969539365402887069122555840477e0
0.404400626172039950330739117501e0 -0.328684207155276982297754076704e0

0.255004852412266544925732534359e0 -0.624635136085224651906690552375e0
0.138045637761990769545219506226e0 0.993402626420982642111578457051e-1

-0.265837742832340183170216045595e0 0.532982065729959909316149635698e0
0.282351528910421188156319433917e-1 0.107703125304471298841057466132e1

0.237116213271902893276464858170e0 -0.358795403555463096270003652105e0
-0.167888796949604632319119971253e0 0.339764538397375624473541835764e0

0.252071147201739740082728552582e0 -0.487451420246555101843185006357e0
-0.250205407839383545533977042827e0 -0.128468977587534740837108793847e0

-0.175889697313027908372560230641e0 -0.590631665145396523476831666285e0
0.327614033571441093832313127714e0 -0.503953823616415683665642378414e0

-0.626806564225354121108068722190e-1 -0.670062222430331537093688848974e-1
0.156413854026212774179739339025e0 0.798566166070929800557573556147e-1

0.975409623379576795382424136453e0 -0.556885097757663369936516013827e-2
-0.729798203394640506404648048626e0 0.444573924773426022973236687956e0

-0.765131658200545580464588059339e-1 -0.237426649459009917290222268587e0
-0.102704006911549879984991009532e0 -0.102547055551356172814593476742e0

0.105155540902730886135927589179e1 -0.111903587779566947967545496505e1
0.118001380457440149029706256030e0 -0.119670749979996941600129588506e1

0.645281536147842996185472784671e0 -0.362959487480461987744944073599e0
0.826970264950279667702611372158e0 -0.231506097973729156466312927361e1

