0 0.636543886631 -0.0364200093087 -0.404009125583
1 0.393448677675 0.206578174753 -0.058110699467
2 -0.138662260399 1.05441229083 1.35013890209
3 0.229096262167 0.182189863175 -0.0663637953588
4 1.123972568 0.456779215313 0.520201525828
5 0.518500697482 0.662302747308 0.774596849564
6 0.474555108347 0.25480901857 0.0512992784312
7 0.676865967516 0.784185767983 1.07679828938
8 0.697134803298 0.432837533114 0.437736195464
9 0.333884173088 0.426987779679 0.319713334131
10 0.779395382643 2.09044063828 3.54159290739
11 1.00289240531 1.67551071924 2.92931968572
12 0.679667651863 1.91125593018 3.31626684619
13 1.23689231899 0.743345616976 1.24742675256
14 0.8229345777 1.67731996718 2.93958422561
15 -0.00201115798301 0.780161031622 0.976264227777
16 -0.00201147292131 0.780161441603 0.976264939222
17 0.00266556720865 0.78104188646 0.978979700611
18 -0.00201114495133 0.780161015219 0.97626419973
19 -0.0262727679385 0.762934454467 0.950089014266
20 0.0776997220232 0.627891762404 0.651386087242
21 0.0774027728762 0.631664419818 0.653338860513
22 0.126226477836 0.642341470018 0.710296466611
23 0.732761389756 -0.000444431514864 -0.31474558034
24 0.733856332683 0.00833099162459 -0.301289780047
25 0.718413903995 0.00391346490246 -0.318770343914
26 0.718413878776 0.00391355925285 -0.318770368095
27 0.542014853551 0.300559895744 0.138386127575
28 0.922717136173 1.99292673608 3.39686696512
29 0.373816215791 0.51326641138 0.499867286646
30 0.360932533782 0.525427544504 0.51874295678
31 0.825953869659 2.09134712408 3.54842863918
32 0.101061958193 0.61088207627 0.598326064473
33 0.132269672267 0.468705949296 0.336300858794
34 0.472849761204 0.551981378943 0.484696507702
35 0.816436863018 2.09176879539 3.54845082871
36 0.946931228275 0.276862926708 0.1893593439
37 1.04482111713 0.22949477537 0.0952450072488
38 0.934792374881 0.666538240245 0.842144998306
39 0.0887499847548 0.618082031604 0.635362827397
40 0.276147274684 0.341560387021 0.172577796571
41 0.24264467358 0.362825396203 0.255267244323
42 0.27272740423 0.336645210745 0.171401856719
43 0.271874465613 0.341555325717 0.175541028607
44 0.425737946241 0.225408734254 0.00656115344889
45 0.564999169366 -0.052114524801 -0.441565949075
46 0.139622789596 0.610255882283 0.611343220767
47 0.131520791251 0.610738918184 0.618893585075
48 0.129962765987 0.614691240403 0.628010582074
49 0.252213381606 0.370393991031 0.236204139404
50 0.271874489827 0.341555342622 0.17554105089
51 0.272907152339 0.342394447236 0.176683437321
52 0.55260971979 -0.0514870475518 -0.40857168774
53 0.566785377245 0.363242598991 0.240946789968
54 0.565457604587 0.342307471873 0.205180436132
55 0.568878090284 0.328880764591 0.1842511148
56 0.577086316192 0.305976635771 0.165637586313
57 2688.8133558 1732.78890699 11029.1354975
58 0.581403235366 0.992141393725 1.51443198276
59 0.456528836146 0.626420020954 0.694230336191
60 0.568878075048 0.328880546243 0.184251180297
61 -19.2271620954 30.4296853688 57.6956910688
62 0.609738155796 1.00750587669 1.49807378985
63 0.59069500617 1.00052131974 1.50974133721
64 0.581403169782 0.992141072025 1.5144322514
65 0.592579549581 0.98150332795 1.48717450994
66 0.596571558974 0.975529842395 1.46039867512
67 0.568877752902 0.328881509318 0.184253903607
68 0.627744143541 0.733839505478 0.948583475039
69 0.774789602192 0.225217976898 0.0360601691416
70 0.76353141781 0.0890698227772 -0.180620393863
71 0.66280676793 -0.0881088891025 -0.497451704435
72 0.662808350474 -0.0880657386366 -0.497478826346
73 0.795641064494 0.118801064375 -0.176182121177
74 0.327881881824 0.411522137475 0.325575904818
75 0.501333088835 0.543266690711 0.264582632649
76 0.646058753719 0.0961900816746 -0.322806518352
77 0.603019549341 -0.0804828638194 -0.574024433939
78 0.599195991995 -0.0785351144777 -0.485131827131
79 0.427945325509 1.56222150782 2.8385393642
80 0.524135658674 0.988256019616 1.41369686548
81 0.641609757113 0.808228895682 1.09515409734
82 0.435570805098 0.26831353374 0.077291729273
83 -0.011103622787 0.635786578266 0.6825746757
84 -0.0138715154787 0.647091569281 0.728725782695
85 0.139185534579 0.637333052044 0.696060631749
86 0.471983979293 0.17107389309 -0.0664136318426
87 0.471983912645 0.17107394089 -0.0664135156691
88 0.475918231834 0.175215833891 -0.0872318465763
89 0.131681229826 0.628303345218 0.687989204586
90 0.120322282862 0.647656493387 0.708462361762
91 0.514639601449 0.662159454802 0.773958802646
92 0.429893333061 -0.029449334353 -0.413949927218
93 0.684423758323 0.753903130137 1.00928193819
94 0.689254375099 0.748665889517 0.993991448308
95 0.796409465534 2.08800922511 3.53723503299
96 0.277535945226 0.665332496439 0.765024608162
97 0.259116596722 0.664449638715 0.762832143503
98 0.247732708869 0.6544390018 0.743585697279
99 0.246218065704 0.653356024954 0.743377702198
100 -81.4381841504 -130.372245858 -377.419550032
101 -10398.0721603 9171.51206958 17367.668289
102 0.236564110909 0.666811734335 0.769656051493
103 0.262659271896 0.669595176318 0.783632152218
104 0.257807750562 0.665984861405 0.764720619667
105 0.260937133661 0.655259410975 0.734296792358
106 0.258953744804 0.671314227929 0.759524485317
107 0.249452947304 0.653394115563 0.726820620571
108 0.24765879418 0.654470357171 0.743537873235
109 0.294555436449 0.666105468627 0.768413820478
110 0.260937133671 0.655259410966 0.734296792327
111 1986805.16853 1254603.42368 3860768.78742
112 -28.0506819145 -25.8382839091 -78.4732976876
113 1.36530738307 0.86154653259 1.29592383478
114 0.672304183361 0.706393511795 0.911009324164
115 1.29332935088 0.855316409454 1.35828530133
116 0.358799535841 0.414005924687 0.327475902319
117 0.392966210662 0.474059249478 0.419146286864
118 1.34447531254 0.873565588392 1.46541450876
119 0.643289691531 0.103291740585 -0.167057835438
120 0.30869206488 0.58876881314 0.608319740544
121 0.488546737033 -0.0826169198762 -0.503770457142
122 0.833097379361 0.320706309271 0.22919031414
123 1.26552570833 0.869343274569 1.31879537689
124 0.235721527217 0.180318761336 -0.0720553585918
125 1.03056030222 0.343027131812 0.281729171741
126 0.663104250661 0.11230070018 -0.142580719131
127 0.663104207147 0.112301193493 -0.142580642662
128 0.75978491498 0.0184581290038 -0.293424309719
129 0.255122311594 0.166856285828 -0.119545175439
130 0.759163262 -0.0195109886944 -0.35728820103
131 -0.036125716083 0.0382697794245 -0.346118904486
132 0.376932524623 0.119448125738 -0.166601181091
133 0.419640952776 0.689695572524 0.8655244388
134 0.0854789023727 0.105551063399 -0.268605946123
135 0.465648213153 0.308538566214 0.17879773367
136 0.599196630362 -0.0785348895367 -0.485131204966
137 0.584649580075 0.017057546239 -0.317203512568
138 0.627454418394 0.767131957445 0.991760020109
139 0.599806691155 -0.0774409113006 -0.483934213311
140 0.358280631633 0.29141070595 0.131808672005
141 0.482772990945 0.574226889757 0.600318524124
142 0.482127898371 0.570086994324 0.589406170263
143 -16237258.743 -5267036.89246 -16467043.3775
144 250219.240896 622804.842101 105741.948617
145 0.39346578789 -0.028529537397 -0.410423181808
146 0.702459531817 0.365270836049 0.272764676313
147 0.534815336996 0.330447762564 0.190478108236
148 0.722475691199 0.0140035893986 -0.3027831333
149 0.771957724198 -0.0200205926618 -0.352847251072
150 1.54434761474 1.05919799767 1.71612880259
151 0.337679120421 0.675817176518 0.799577334344
152 1.30699704479 0.862031906526 1.27818199244
153 0.887539650871 2.09110655193 3.55549481741
154 0.152995199077 0.106218267805 -0.280425686235
155 0.46593529144 0.498233692585 0.454808443684
156 0.480604059285 0.477005616875 0.428709852875
157 0.384350646942 0.106658189599 -0.197450569692
158 0.385035015291 0.106511838547 -0.191979092731
159 0.422799884578 0.349237470105 0.210166491967
160 -0.131083878765 0.723150678861 0.868831887146
161 0.668900611253 0.3078292767 0.162486482675
162 1.4364603226 -1.7288904114 -6.1392729453
163 0.441557447959 0.257175170102 0.0574622189547
164 0.661253438915 -0.0404673686346 -0.408280308802
165 0.641431931177 0.806889616158 1.09110925864
166 0.38274933802 0.102728671479 -0.193594560616
167 0.762864576125 2.15703278293 3.65785241083
168 1.23072790325 0.850002972026 1.4213715006
169 0.854877090072 2.02773700652 3.43574542705
170 0.471449618736 0.597914436167 0.55552196868
171 0.39738859049 0.590202617777 0.56543977623
172 0.275695322021 0.654268356104 0.734803539106
173 0.336821881615 0.650079592269 0.732286202568
174 0.65274472195 -0.114729335016 -0.531886937534
175 0.825205837368 2.08402388575 3.53549897204
176 0.438600991522 0.029086565306 -0.292363743226
177 0.175881022477 0.254800667532 0.0296552942249
178 0.511509436902 0.0593838688535 -0.237952004199
179 0.483096497598 0.46150403327 0.389047908655
180 0.445800787543 0.283478980705 0.107390393151
181 0.445800788067 0.283479154534 0.107390301866
182 0.384990506485 0.358434194879 0.239056736516
183 0.543907277962 0.199268614525 -0.0141944046556
184 0.342199319838 0.15182325888 -0.111005377205
185 0.549082215306 0.204993856523 0.00981423952815
186 0.340799163547 0.142472436572 -0.107716676212
187 0.426469301011 0.359318440139 0.188489355185
188 0.488465343534 0.480821685 0.441369758466
189 -0.00324613273481 0.252974652254 0.0330463688258
190 0.790852785201 -0.0849897711273 -0.477700376642
191 0.834211172152 0.0469822108045 -0.232402320191
192 -108.999167783 433.541375135 735.247681459
193 -0.0674366860786 0.77133751732 0.970688374158
194 -0.120408654802 0.7756673795 0.958903638227
195 -0.119498684407 0.774909857945 0.945266816594
196 0.286651059003 0.666034305427 0.76750564746
197 0.286651058716 0.666034306073 0.767505651342
198 0.321898683272 0.667675441972 0.773821268595
199 0.3116904919 0.666935652744 0.771287011259
200 0.286603512158 0.66570258166 0.767761138149
201 0.247603037725 0.654451611362 0.743546579774
202 0.277535921581 0.665332495531 0.765024605115
203 0.523263847348 0.0600589718261 -0.239717659373
204 0.52329135985 0.0609838026691 -0.240927771255
205 0.524728993487 0.0637205504839 -0.243599074364
206 0.613351403583 -0.0195319711572 -0.362637443643
207 0.251495295087 0.654907318383 0.745223477302
208 1.0570859701 0.430372454592 0.451466399332
209 1.04884516076 0.3126122283 0.239177672164
210 -50.6851966087 110.096247141 425.676267396
211 0.430896008067 0.152015512206 -0.102676537722
212 0.76219009979 0.644438807711 0.779740407111
213 0.771522631485 0.607541834503 0.701466262189
214 0.957298438361 0.11998431554 -0.097007138424
215 0.698311389478 0.842165471766 1.18219754426
216 0.587550315589 -0.0193498203009 -0.390560928018
217 0.662757121051 1.06294614817 1.64171912265
218 1.16198417658 0.14969976553 -0.0371453939602
219 0.340819168003 0.646147864746 0.704000714279
220 0.579166596393 0.435391544557 0.379768998503
221 0.46432423763 -0.00172405088175 -0.368135083959
222 0.52494032466 0.14683137632 -0.100357609919
223 -1925.10664916 -391.611471275 967.623635383
224 3710064.56519 -3590045.48522 -7169107.62777
225 0.285447557395 -0.107290624587 -0.553838822613
226 26193353.9133 -4076226.19083 -18712359.2216
227 0.509046689467 -0.0977676563396 -0.535315056662
228 0.50851521126 -0.0959670687095 -0.535482557139
229 0.556449036765 0.126499603973 -0.152176111819
230 0.554845042505 0.119646656133 -0.151569455931
231 0.550842643013 0.12352739553 -0.151674049991
232 0.561969581957 0.121551146237 -0.149228716631
233 0.544675823617 0.143753290572 -0.118407282354
234 0.140804497 0.653746826855 0.735579308662
235 0.167695919477 0.647588959492 0.709662392318
236 0.842309499646 0.878109676896 1.25984005833
237 0.840859707186 0.0114046186873 -0.346558937526
238 0.843443650967 0.457287387481 0.488754745479
239 0.391213742205 0.809815060337 1.07589951958
240 1.06891257891 0.91030337738 1.23635717703
241 1.19143315483 1.21898571126 2.42001886829
242 0.78933339383 0.412846843237 0.397460285292
243 1.05616598791 0.536379420047 0.467177096334
244 0.563076638505 0.668991979917 0.809711669187
245 0.317939087095 0.478203414316 0.458728368179
246 0.55348760461 8.88765585564 -2.82132000195
247 0.596640252925 0.581586884815 0.614502572521
248 0.572068288384 0.528344754726 0.556430952717
249 0.262422620293 0.553996940206 0.53122971901
250 0.448519746111 0.669599465337 0.811783036088
251 -164.086972599 -1215.86582246 -3640.7662552
252 1.03374726846 0.310234947605 0.25133193481
253 0.544519931784 0.0102684454456 -0.340981177858
254 0.561224874501 -0.0211778258048 -0.391725679636
255 1.25849494195 0.962705996983 1.49774477066
256 0.851545439434 0.681626803155 0.860439179253
257 1.39983393794 0.861670974088 1.29718850854
258 0.530725002722 -0.0232160549443 -0.410368364621
259 0.54713720878 -0.0699752102399 -0.584247367302
260 0.067338926282 0.472784833447 -0.0835312734665
261 0.679735792243 -0.0295021921456 -0.412670354495
262 0.584466685387 0.00737526392085 -0.336847767843
263 0.576921870084 0.0240143936295 -0.308871941323
264 0.577161469395 0.0240425318762 -0.310196932143
265 1.27701303039 0.966217418736 1.54130671001
266 0.584733321345 0.00685793221046 -0.336885697947
267 0.577161446627 0.024042511443 -0.310196945644
268 0.576921870115 0.0240143934889 -0.308871939578
269 1.27816140341 0.982567425563 1.5868215982
270 0.333870355091 0.0736199090054 -0.247163122787
271 0.327882297894 0.411521961581 0.325575135002
272 0.455831769992 0.164339235832 -0.0447293888856
273 0.392416493617 0.471374434918 0.423969158725
274 0.124715550705 0.803554955961 0.986754850848
275 0.718098425825 -0.0837729781385 -0.486395822748
276 0.412012132465 0.32760427454 0.16483407218
277 -23.2003645629 42.1832067608 48.6879265433
278 1.28071879015 0.956053369857 1.50249692248
279 0.128734877621 -0.000964426722799 -0.423937211651
280 0.205394241491 0.659643745934 0.748462974463
281 0.0434713826505 0.645713284245 0.721566733779
282 0.475880830326 0.224983898491 0.0338309181511
283 0.48346202158 0.738704563844 0.948883313398
284 0.360757130339 0.280896095214 0.118389900803
285 0.655514369195 0.0126140666397 -0.318314481525
286 0.737819282249 -0.0620365576633 -0.434130319643
287 0.807553866893 0.853443039118 1.20523508043
288 0.533027548711 0.39709031366 0.380829636591
289 7024789.74773 -7107081.66191 -9847707.17758
290 0.895804908369 -0.147538472859 -0.578451537013
291 0.545024380414 0.0973581668557 -0.188290258366
292 336877.680781 -573264.224501 -485805.739217
293 0.749747596905 0.0335865053817 -0.267209443655
294 0.756469907703 0.0273751711273 -0.278326137984
295 0.749748770759 0.0335858881102 -0.267208972328
296 0.541724735499 0.0981586765848 -0.189924062322
297 0.320155491001 0.62049086476 0.670206493158
298 1.57886556939 1.04010178644 1.68508000036
299 0.825954234605 2.09134726211 3.54842900571
300 0.761910291313 2.10169887287 3.56818328331
301 0.81643685239 2.09176880609 3.54845085376
302 0.750404133854 0.512576504325 -0.116265385551
303 0.378052351722 0.514068701574 0.4812311312
304 0.510769532397 0.397537182274 0.315929524976
305 0.597135068114 0.731665476206 0.944518871385
306 0.811449350241 2.09083846418 3.5447131498
307 0.128303801509 0.301346941587 0.111092686718
308 0.700560794915 0.597811705586 0.68921739945
309 0.68898036904 0.748650562903 0.993923331083
310 0.0830545954143 0.566664027524 0.566278190691
311 1.0491029161 1.3201069012 2.25696996295
312 1.34664429019 1.48970570255 2.40428055334
313 0.693484083953 0.588301497131 0.650295896521
314 1.29464320785 1.77968668892 3.19697145677
315 0.825954234632 2.09134726211 3.54842900569
316 0.627744336526 0.733840108236 0.948584404112
317 0.636524557565 0.665775342897 0.783009226287
318 0.561479653372 -0.0163848326546 -0.386488803517
319 0.488774063505 0.278562031583 0.0865315102383
320 0.185577024901 0.474933825784 0.403572115178
321 0.81151657928 0.496761415583 0.539541916173
322 0.572699402887 -0.0817621438675 -0.492646488379
323 0.868063258075 0.432017206532 0.447513551308
324 0.408369692304 0.817386234643 1.02200533011
325 0.0704000063445 0.68667711631 0.790514942736
326 0.140153319903 0.67779256861 0.780143722615
327 0.140152845263 0.677792592225 0.780143527158
328 0.122236786254 0.702678602097 0.845160307636
329 0.134919439202 0.681759840947 0.788327710398
330 0.180272515241 0.675317141471 0.783832266777
331 0.671839965516 -0.078390719903 -0.473299896901
332 0.671893603946 -0.078298283154 -0.47254864357
333 0.671834895768 -0.0782818727522 -0.472703125332
334 0.672066632789 -0.0783528577548 -0.472647218503
335 1.0708325677 0.0468123874033 -0.883228263885
336 0.64160976748 0.808228836858 1.09515385866
337 1.23489641553 0.0685977937981 -0.168996814709
338 0.548942812462 0.583169475883 0.63440496039
339 1.31508656941 1.67011908216 2.7667508497
340 0.549769702107 0.634073586339 0.737864000398
341 0.551720585983 0.00467413038121 -0.35098002089
342 1.07411613353 0.419641204282 0.379160832704
343 0.123112661067 0.170837482516 -0.175269163903
344 1.35868159077 1.01194202081 1.68211858462
345 0.23639984342 0.66425725679 0.770729521703
346 0.876444480208 2.09863600007 3.56736054234
347 0.376786581004 0.351846258536 0.206106411362
348 0.620540021208 -0.116100916731 -0.542486282069
349 0.430179951374 0.298270327249 0.127958968983
350 0.651390082745 0.0630296206901 -0.189816761564
351 0.42292246756 0.30337999616 0.155652377987
352 0.422922472827 0.303379990472 0.155652349358
353 -1946.54570953 -11.8987887029 -156.301110397
354 0.976067878843 -0.0495515982195 -0.426023105625
355 0.911977104117 0.169344859953 -0.0166474715815
356 0.250948312694 0.663908997974 0.757070164304
357 0.82280956383 2.09077884109 3.54814431398
358 0.960056890158 0.547701333469 0.649253596133
359 -206.967399807 8.06161100895 34.3213052852
360 1.10787782753 0.461251334224 0.516860685205
361 0.585834284187 -0.0777719133031 -0.470416470572
362 0.682779143174 0.130266861471 -0.111213467389
363 0.267194462902 0.691165417794 0.829508562888
364 1.01873080734 2.78284569519 5.1957800702
365 0.490034028403 0.296815416161 0.128114518279
366 0.477528347213 0.236135361888 0.0328813574884
367 -0.0645958472482 0.0374872838476 -0.35258213075
368 0.286880186546 0.588793478982 0.630212202199
369 3.03782517671 2.51091377131 4.62215305077
370 0.495826951499 0.660625533577 0.80593912537
371 0.652019048694 0.205799589099 0.0157638784793
372 0.71154510723 1.02706621994 1.52273028379
373 0.485310268867 0.675249750359 0.804672508864
374 0.489398637758 0.67127272938 0.781793467447
375 0.457270857024 0.657531374181 0.764667977163
376 0.461387928142 0.658332929004 0.765124713434
377 0.471328848212 0.658887640421 0.767223619768
378 0.477216708063 0.66075786456 0.763341698076
379 0.518500697458 0.66230274737 0.774596849551
380 0.469852808558 0.659078334581 0.757647509741
381 0.469852810574 0.659078334681 0.757647509723
382 0.442849309579 0.660116006726 0.758548680558
383 0.447728656258 0.653975813335 0.757215006084
384 0.309212945734 0.65982071203 0.747214892101
385 0.469039408108 -0.118819665848 -0.562496864184
386 0.501136012407 0.3480910149 0.232335757674
387 0.486554101396 0.390803038904 0.242063720422
388 0.742738349162 2.13346652006 4.12575377393
389 0.591887979943 0.514585420013 0.525599410218
390 0.540098898486 0.958039546312 1.44063791314
391 0.542826344434 0.702884175252 0.889322216099
392 0.392406117888 0.47137866157 0.423996557895
393 0.392416119378 0.471379241968 0.423998651909
394 0.510679855246 0.43004893424 0.381330840419
395 0.665680183218 0.17755783937 -0.0459923325952
396 0.915079506735 1.22148889299 2.19341150287
397 1.23689241837 0.743345635452 1.24742700154
398 0.785153047288 2.55649010167 4.73871270048
399 0.308982142765 0.529725819272 0.520371301501
400 1.35280443861 0.863564535958 1.29653927534
401 0.759085624225 0.557356874749 0.633691753047
402 0.822836271962 2.09123525597 3.54761247602
403 0.461737241551 0.502407948961 0.49107899491
404 0.489234556416 0.203377146323 -0.0155043429206
405 0.544675698225 0.143753421323 -0.118407304466
406 0.620298403762 0.0784433068482 -0.221488243808
407 0.783840186341 2.09064665354 3.54254344696
408 0.50936178829 0.96515523174 1.42658849395
409 0.461387799165 0.658332920033 0.76512468244
410 0.572437311906 -0.0139048581527 -0.380300424511
411 0.825954234605 2.09134726211 3.54842900571
412 1.45162357212 0.986983276815 1.8028425514
413 1.29787855824 1.01539668306 1.60386633242
414 -1511326.76163 43447.7005399 -295122.377937
415 0.544665274954 0.0297374138572 -0.306655667333
416 0.647323919182 0.684389344736 0.847130208316
417 0.985943424459 0.149505192485 -0.0532330777816
418 -163400.057263 -38014.2208549 -83466.4006321
419 0.382953643197 0.461384077753 0.396188574985
420 0.384907495911 0.450695638536 0.37842423458
421 1.39824223864 1.0233020656 1.61118027322
422 1.29019661487 1.06080844861 1.76564467809
423 -27.6655590541 -65.4573459851 -252.415026114
424 1.52104513675 0.180823354915 -2.16034744658
425 0.541290193407 0.197262396467 -1.51058078388
426 0.915693783676 2.76142612287 5.02369748676
427 0.397337114145 0.565468255821 0.547658945319
428 0.112739801999 0.619181109963 0.648862876217
429 1.08285179774 3.19454800652 5.44170009027
430 0.333884170934 0.426987911985 0.319713689382
431 0.767137101186 0.281565771563 -1.39194480019
432 0.583530574048 0.299432663338 0.177321434667
433 0.416560579738 0.336993454926 0.202326247021
434 0.518500633778 0.662302744402 0.77459683936
435 0.762302994241 -0.0258954400988 -0.379957873256
436 0.675572630865 0.279561320828 -0.13365784603
437 0.663318950343 0.0465715387415 -0.2734800426
438 0.752360109155 0.0042549805411 -0.336883155765
439 -147968.031492 -5933.2996956 -27092.6908126
440 0.559937461709 0.167585701822 -0.0590449539153
441 0.349834809127 0.466821725171 0.402759705099
442 1.35280443746 0.863565265133 1.29653861221
443 0.661051088699 0.0393028829931 -0.253383694205
444 0.587478063052 0.0835565534238 -0.215881355981
445 0.5871624338 0.0809359890598 -0.214463831844
446 0.43928551733 0.307362320184 0.141716656696
447 -0.0242066732504 0.467601823884 1.11731409784
448 0.581799682307 -0.0942681745733 -0.521310889239
449 0.370610596322 0.17838439789 -0.0618805543921
450 0.442060814306 0.103703463183 -0.189331805049
451 0.822831420353 2.09123749522 3.54761747247
452 0.25576343528 0.664735773224 0.767313904952
453 1.04163007559 1.76120606373 2.82074683943
454 0.650440554779 0.212827162901 0.0160790906427
455 0.650004490987 0.205745111438 0.014782867442
456 0.652646800311 0.212060706243 0.014229309544
457 0.648979908913 0.212168390386 0.0138472598053
458 0.0648063679566 0.0512366646344 -0.320709145992
459 0.452614330463 0.713268986152 0.894654053057
460 0.449450954493 0.708929802352 0.883205539209
461 0.554670098947 0.124585791936 -0.151709280399
462 0.555261228608 0.110174608752 -0.155141746372
463 0.447229255147 -0.0133843973979 -0.386885268486
464 0.552960978684 0.107531547245 -0.159805311239
465 0.528495452938 1.09187897802 1.65153950093
466 0.1521372264 0.696702679858 0.832664377591
467 0.822809549788 2.09077884029 3.54814429646
468 0.265048971059 0.18134785014 -0.0718450727043
469 0.339429242606 0.18721025626 -0.155101405065
470 0.230730118856 0.459862434695 0.384949180017
471 1266.94317377 -381.326433564 -221.145264559
472 55.2057466514 -65.0690599297 -157.078682443
473 0.490034148329 0.296815765294 0.128114667739
474 1.10014150964 0.0802539379812 -0.166311259576
475 0.44902289054 0.680955012412 0.811067708025
476 0.822836271933 2.09123525598 3.54761247603
477 0.678973694901 0.690119828772 0.881798180877
478 0.493989764419 0.209548865081 -0.118311305075
479 0.0458216203047 0.58369930256 0.723978403567
480 0.741800940224 0.00626214579294 -0.312445854642
481 0.309534621564 0.455490106258 0.4245497867
482 0.216673749508 0.37896731658 0.260868952231
483 0.544294513424 -0.034794027113 -0.418803152543
484 0.544886338379 -0.0384005521574 -0.419006615034
485 1.24675641914 0.720569331924 1.16957320406
486 0.292707054991 0.551601766715 0.536294420016
487 0.634793566688 0.00885463852356 -0.339674628881
488 0.501573888467 0.389400557829 0.288000435937
489 1297408.17938 1274314.12919 1191818.25573
490 0.0529242137417 0.618637845794 0.650021216381
491 1.35280443866 0.86356453595 1.2965392753
492 0.553430518208 0.037977934553 -0.274764568245
493 1.27320426013 0.858400498718 1.2668039977
494 0.238003544057 0.686792430956 0.831084936645
495 1.3065274031 0.861997490325 1.278034389
496 0.387262157991 0.325316830596 0.156843860822
497 1.16589649061 1.77295952129 3.00110195586
498 0.521087833302 0.162924370805 -0.0552218830964
499 0.506811135634 0.181352613566 -0.142913361635
500 0.616501776742 -0.0914424387757 -0.518252474707
501 0.568123460169 -0.00356951725348 -0.365853082193
502 0.396176776025 0.498957033864 0.263379802193
503 0.401916659636 0.0631252154453 -0.275650604369
504 0.404217682102 0.0597915687153 -0.271647451306
505 0.402520373109 0.0607669202054 -0.274640206006
506 0.800081099519 0.366596249239 -0.0399133832507
507 0.336643192787 0.204358174651 -0.0534704698233
508 0.357780390519 0.349492953808 0.204182166831
509 1.0523658508 0.140031369345 -0.0652535865294
510 0.626316530557 2.07538404276 3.48916063934
511 0.860323018542 2.04903335785 3.47676002845
512 1.62278050754 0.680659263888 0.967265160461
513 1.37679676568 0.907190436215 1.27817432034
514 0.128482435397 0.61589705072 0.579626710452
515 0.453661799511 0.691984346128 0.851324561618
516 1.65873035631 0.679441565853 0.949525226315
517 1.61692192969 0.662651475796 0.933663812994
518 1.33689012341 0.874595690015 1.36284718153
519 0.665713878077 0.726905520456 0.949348885561
520 0.663014727546 1.02076838627 1.50088900544
521 0.659577024099 1.02251409876 1.5036777252
522 0.647323919185 0.684389344728 0.847130208299
523 1.07232662008 0.0641825450468 -0.196804650944
524 9196.16752508 -115778.701257 -232810.399964
525 0.795397002768 0.606679848093 0.714090284438
526 0.623454488025 0.716116608038 0.925889056121
527 0.616304104647 0.72079076255 0.930299331198
528 0.627744354823 0.733840108915 0.948584406989
529 0.320619663504 0.589844766784 0.631682183568
530 0.821140034835 2.08236630846 3.52448064015
531 0.825205871297 2.08402376655 3.53549882846
532 1.15439328228 0.0701905660458 -0.177204536571
533 0.86990964489 0.670522755816 0.846797394474
534 0.0153582705166 0.645467549822 0.72106282168
535 0.228459653249 0.663860768841 0.720552187166
536 0.249216060606 0.644254649931 0.709025300346
537 1.32984080549 0.868522378319 1.29875994818
538 0.205579679619 0.27784804285 0.0550049288446
539 0.568597470688 0.180700872594 -0.0515108513884
540 0.659511357655 0.701244014271 0.900059013203
541 -0.0125396831891 0.298588829863 0.104095385939
542 0.260936718811 0.655258793429 0.734296874944
543 0.260937133666 0.655259410973 0.734296792345
544 0.39344843741 0.193419300552 -0.0447105288662
545 0.836819001104 2.09022306497 3.54587131081
546 0.884765381095 0.44185450859 0.443629473795
547 0.647324020509 0.684389997405 0.84713014123
548 0.804672007172 2.09418814075 3.55002149415
549 0.372860540064 0.0870991374385 -0.237423931441
550 1.09636792201 0.290979690264 0.200365808828
551 0.727768093659 0.755535240579 0.98221090472
552 0.70934351256 0.122185416231 -1.76012904946
