2.930597370620280917e-01
2.215243506579905597e-01
7.263306280311054852e-01
2.502339031902368061e-01
7.867161831353588486e-01
4.564935564161838877e-01
7.738593867357426714e-02
3.014274122875327810e-01
2.801933047434251312e-01
2.818058195149780731e-01
4.433241202786327939e+00
2.070759858708727918e+00
3.655203529536951823e+00
6.060197687958364110e-01
1.956930009927505321e+00
4.146457271583477988e-01
4.764657301656742838e-01
4.740635535672351741e-01
3.869339079947292093e-01
3.270591047526223427e-01
4.780169296206052687e-01
4.629296859233305583e-01
1.094356141766626545e+00
2.336650637102656858e-01
2.148838112805822875e-01
1.952125811239808773e-01
2.344765482635545739e-01
1.591788313536968980e-01
4.038073400351496645e+01
1.926266675010343543e-01
2.388753684170288327e-01
2.151338628219756188e+00
8.151371457284408706e-01
7.283063038852848337e-01
6.737808746129895221e-01
2.622609201028361259e+00
4.510794730160109234e-01
4.023703336112535167e-01
1.005192258319865140e+00
6.291582876497645582e-01
1.563258017103193731e-01
4.313073264500341120e-01
9.076748698200125254e-02
8.684347352062396497e-02
3.758828914552686529e-02
3.122345973273614739e-01
2.061471412917290358e-01
2.663692413442474427e-01
3.134980069293620275e-01
4.574516359247078334e-01
8.122375139893041329e-02
1.057453983798858771e-01
2.851797226089469173e-01
7.340453200593502481e-02
6.212477617880050873e-02
1.819076981394949499e-01
1.751727512699474687e-01
1.219969269182446005e+05
7.387135420493925464e-01
3.095775465327339493e-01
1.898122801743141463e-01
7.270398907386355631e+02
3.599501183159345419e-01
6.897112902805953016e-01
7.800114068867595174e-01
5.893244186325687917e-01
6.236441925686718735e-01
9.023075716988274153e-02
1.626198150705464862e-01
4.270918693202597760e-01
2.196650324123545772e-01
3.636031766469965398e-01
3.680735737066312407e-01
4.876523372082596786e-01
1.591418400854753556e-01
9.446252620852101378e-01
8.416883562800266949e-01
7.123629313035929611e-01
6.997249809994982028e-01
6.304451134407662138e+00
1.085081101333971315e-01
5.665279490852745070e+00
6.036222680444534167e-02
4.519095208374763750e-01
2.676846579971719486e-01
3.737498559806698428e-01
2.563540193727146255e-01
2.610925508185439892e-01
1.557340980591928048e-01
4.445176904286675112e-01
6.552416932587391551e-01
3.199227620740284772e-01
3.055073373738793063e-01
2.001867343662178111e-01
4.137719590667593428e-01
2.941445083971701902e+00
4.077458563872041752e-01
4.481533856146915906e-01
1.612526700772771993e-01
2.072010260907618806e-01
4.347875099265495010e+03
2.360971354311009054e+05
3.298147734659044317e-01
2.422157317784922881e-01
1.840455975407818690e-01
4.872109580833943188e-01
4.961679319031066515e-01
3.099715141280646735e-01
2.408755502656968750e-01
4.862112065636883251e-01
4.814610569133810913e-01
4.801578686968575418e+07
9.448306200742002829e+02
4.966611409593391646e-01
3.258634915241792607e-01
5.051100086217927831e-01
1.862869497422343368e-01
1.925187799585125481e-01
1.512329141096683038e+00
1.664304922870245007e-01
4.464060888375306346e-01
2.837111066744449350e-01
1.605883824107044999e-01
9.518455581713378688e-01
2.612173374668528281e-01
3.581142840789832693e-01
1.660498258462267396e-01
1.759008169891069784e-01
2.081058936465089715e-01
1.462768343422193307e-01
1.696138997781305446e-01
5.664658134586347815e-01
1.976446023749166836e-01
3.514701035380606853e-01
6.590053560316957437e-01
1.042547795747825468e-01
3.755722965815613268e-01
1.500733708053074433e-01
7.539277772973582703e-01
3.602726868663843063e-01
7.817895107871629390e-02
5.125710194254269325e-01
3.116520287134361689e-01
2.519790178281476498e+08
7.218573457463541999e+06
3.275152631763222910e-01
1.343710437155998250e-01
1.703187136471205065e-01
2.681292778454710257e-01
2.083747850130847068e-01
2.881471310465231195e-01
3.917724196285786720e-01
5.570555992727187489e-01
2.960918501307560291e+00
3.942227453044282459e-01
2.938922344733396197e-01
2.107731929753140498e-01
1.765005434761303393e-01
2.164727148855619121e-01
8.658313640354180218e-02
3.419481039790808752e-01
2.905710555574776421e-01
1.166671350921861858e+02
1.659308658414766491e-01
2.625705212384900067e-01
2.377478736935006443e-01
1.692844718872229537e-01
4.332738659082285615e+00
8.253698832647962114e-01
2.439266607839500445e+00
8.032902930971984601e-01
1.071410720312783615e+00
8.103561402606205277e-01
4.428876891049811637e-01
3.476787223881703803e-01
1.051461660192865244e+00
1.975508133267986632e-01
2.092512484273362783e-01
7.125058781406171660e-01
3.354551388854526417e-01
2.569350655979206477e-02
9.424849659887928055e-02
1.000528967376570627e-01
1.530740482843495620e-01
1.470128066052248661e-01
3.820703149847708147e-02
1.528496206002448732e-01
3.099216182361090866e-01
2.983124456703489247e-01
3.380361044507079749e-01
2.231304008288845508e-01
2.828471099207179873e-01
9.139950748649062007e+03
4.366868463721998994e-01
3.688390862427136097e-01
3.241641879746154364e-01
4.122560777994933590e-01
4.099998058673446910e-01
4.870641564300485782e-01
4.259055236278068701e-01
4.108127274300729104e-01
5.861127925337433764e-01
4.193052204672867989e-01
1.631949698775360669e-01
1.793497277964271608e-01
1.815833841446855557e-01
2.714623905835591988e-01
1.903663347355368241e-01
6.285972088205599162e-01
3.724823006875843112e-01
4.701530568565995964e+03
1.892521150294390331e-01
5.527126077033284179e-01
4.775179880854896752e-01
2.519733490081874083e-01
3.049651108883895678e-01
3.088469995211252650e-01
8.085395525629331948e-01
3.366371778691097938e-01
3.537026179432159467e-01
1.483522414660522204e-01
2.409799997475698674e-01
6.273681326890093168e-02
2.326997894697528318e+04
9.385692237613102794e+07
4.081739074592823369e-01
3.447209082865284085e+08
3.408904003710165886e-01
3.657175963326290691e-01
2.590682757555582971e-01
2.093782553057759455e-01
2.846495940285519999e-01
1.327666798783629920e-01
5.335783320920665929e-02
4.857188467184720970e-01
3.939125611789037196e-01
6.686556573450002094e-01
1.482637026301334426e-01
2.788376775920156092e-01
2.941499655145398129e-01
1.486383735908030301e+00
2.429651966502304195e+00
2.832695789391875274e-01
3.296125780762153568e+00
1.817123325452431881e-01
4.020731544986629880e-01
4.161681706621239130e+01
7.072860636712813287e-01
1.173131356501836836e-01
3.562416603287717476e-01
4.171573616714677746e-01
4.082976011844756431e+04
3.130735612021773862e-01
2.391087365543966281e-01
2.358874835794873281e-01
1.020194134330632885e+00
8.106634310475617777e-01
5.821218660819612589e-01
2.465789606246125421e-01
3.507461855682541541e-01
1.534917239496113917e+00
2.793988041245157317e-01
2.312568084518657197e-01
2.246798255608920825e-01
3.169480496053905250e-01
7.807161509669651167e-01
2.360809387365082612e-01
2.349862280110952828e-01
3.047693580152046056e-01
4.155775973034241955e-01
1.586062818122998541e-01
6.603706411481279348e-01
2.497010655051870032e-01
6.794310667984236218e+00
2.333493904902269322e-01
3.527275256517173885e-01
1.440759110775713669e-01
7.154420243700759556e+02
7.959850374456479694e-01
4.107023254689470271e-01
5.298526591239534067e-01
4.774006791261361515e-01
1.692258309151327134e-01
5.820671315030160331e-01
4.046004462505559118e-02
2.421191261225969227e-01
3.084715769911125505e-01
3.230572459298147181e-01
3.454493017458055704e-01
1.490507660602848828e+08
1.742464699320767973e+00
2.317182737591228225e-01
8.748570199777979404e+06
2.220686189127181742e-01
2.544741834999214025e-01
2.992231186035667068e-01
1.258710327294936537e-01
5.023275744564471568e-01
9.146805961964679099e-01
3.308801063578311386e+00
4.165822957855365161e+00
3.068372500984824391e+00
1.426640943429555497e+00
1.426623159726717882e-01
1.785817258698401133e-01
8.157048736334873151e-01
2.255243908996149127e+00
1.044030960115649997e-01
3.101927001566573971e-01
1.112363204127858607e-01
3.243254609811970779e-01
1.222040563774907218e+00
1.139216310004613542e+00
4.870718830474514704e-01
8.906177856969112128e+00
2.018634708321731530e+00
2.859814314824710713e-01
1.022377572555364239e-01
2.229467683065735617e-01
4.702493107429112085e-02
1.897261585115481708e-01
4.152269446245891449e-01
3.469769214294368131e-01
3.638251316327018037e-01
2.234009249692517629e-01
2.998122983509693418e-01
1.334595517559283295e-01
1.446575790761194524e-01
8.085810154286318663e-02
5.253657728689251627e-01
4.196046485985597263e-01
3.489491015694023979e-01
3.701528073555349629e-01
3.422541529968247676e-01
3.493998694008553785e-01
6.020973967456369991e+01
2.649779937370333460e-01
5.677851227474149942e-01
2.154101906092779350e-01
2.896413254903345447e+00
2.412788639678301039e-01
2.373132272056553693e-01
7.132478447788396236e-01
4.233346774837402071e-01
7.743407072706692817e-01
1.706876773657755031e-01
2.824991438720767523e+00
2.282636227641302029e-02
3.485747836457868676e-01
2.602569545925125238e-01
1.909793046075999867e-01
7.104888346641231867e-02
7.710029254857059255e-02
2.075999193950261906e+04
5.598710778231649199e-01
2.385850165105560805e-01
4.612188021338440858e-01
2.867560965773285453e+00
2.528003340919759978e-01
2.240525303682769390e+03
5.161419589145921361e-01
2.687063869364164637e-01
1.389947562437043871e-01
2.207563124968528190e-01
7.234105268163541602e+00
1.144536333875562778e-01
4.336098020679389486e-02
4.191919461283737935e-01
5.424467923273941228e-01
6.297744485861233699e+01
4.676285983768664334e-01
8.790834013044233897e-02
3.432166788224297882e-01
3.701006209050995421e-01
3.632099338244313413e-01
2.907937043504134067e-01
2.411903401754456056e-01
3.813683166359646548e-01
3.712637688796595059e-01
7.320543501081689941e-01
2.718063678658407256e-01
2.899376691389313754e-01
3.598971956512077575e-01
2.893422089413080767e-01
3.706515955105900151e-01
4.020710204285664613e-01
5.431040505341674929e-02
2.637287454809152387e-01
6.046851235101041055e+00
1.609818986926110918e-01
4.469248913550824542e-01
3.871691203970581974e-01
1.488247959756869854e-01
2.364338641104688221e-01
8.970458645375123385e-02
1.141548011848833588e-01
8.475781760811175181e-01
2.676733109200530314e-01
9.932299143641809991e+00
3.027079720271740326e-01
6.104653611188093354e-01
7.795743000283539281e-01
1.808971250396584018e+00
2.116631064565728804e-01
1.332659864206598432e-01
8.834259749839863674e-02
2.008606888174586103e-01
4.158449245919881854e+00
3.140763789693551966e-01
3.038106238400032355e-01
3.600533858025128930e-01
3.614569989823230411e+00
3.227957432893361567e+00
5.525987472100997167e-01
1.636590746016674489e+07
2.321771845082417074e-01
2.548529814326816467e-01
2.987969648491818342e-01
1.990704387633309234e+06
4.601147798103558118e-01
2.571905244746680030e-01
1.107694141185213921e+00
1.071961869462395800e+00
2.806561740161512262e+03
4.206163456124432543e+01
3.788198810974618169e+01
1.013425839440197151e+01
8.668758513513875608e-01
5.334149672139384402e-01
9.648758993751929580e+00
4.570348915526202815e-01
2.531576347672874050e+01
4.827492586309494738e-01
2.291125401338524326e-01
1.818594648792274393e-01
2.670041353578442300e-01
2.993656590427638542e-01
1.515030646005028903e-01
4.030799504823849855e-01
1.599368742470591795e+06
1.091842296209427632e-01
2.007477382019259293e-01
6.615477415188506516e-01
2.014056264758374293e-01
2.221002364855362565e-01
1.947472549610212433e-01
5.366922778055659843e-02
9.208909934441583900e+00
3.563265942530384200e-01
1.057970850704656879e-01
1.176452423577196427e-01
2.630966201315220854e+00
4.830642857961012782e-01
1.770763955959879121e+00
1.139346843059835662e-01
5.917375062927571899e-02
9.071289297390712492e-02
8.302428749149341758e-02
3.642476100553146412e-01
3.070136449019482128e-01
3.755732462600132049e-01
1.636035870951368099e-01
1.251985720282082770e-01
2.584834917554931222e-01
1.415228738356227312e-01
1.228780396710128731e+00
3.211667871810614527e-01
1.029070649763851897e+01
1.787301779031606197e-01
1.794633448224671468e-01
1.485493592288935627e-01
1.425050653116289322e+04
1.900790440167108045e+03
1.064659649921978063e-01
3.663093785484550780e-01
3.529382594209123369e-01
3.297622481608526446e+00
3.948433378037468078e-01
8.487705539067907923e-02
1.032259557762653479e+01
2.191393364026733015e-01
5.066697305208701652e-01
7.967499492244015102e-02
3.092864544887032330e-01
2.922390157228549890e-01
7.476042741162852723e-01
7.986075726955770282e-01
2.411985453821194891e-01
9.539550409348922233e-02
2.309944595985170454e+07
1.386247347995277490e+00
7.094330245742117569e-01
2.105048234026091480e-01
7.950022360498685270e-01
3.710026963271684797e-01
6.376879850822309015e-01
9.457955252126662438e-02
2.984684358566546347e+00
4.559193200598943285e-02
5.188668550187527373e-01
3.395629913495178953e-01
2.919008481491502938e-01
2.462164867189923445e+00
2.308924057769539129e-01
2.183101276802333901e-01
2.142122787891067859e-01
7.386360871747545964e-01
8.031825451750651546e-02
6.313287488956070836e-02
2.750902042847262474e-01
2.240305833783335476e+00
2.962833212733767319e+00
4.946265753543565569e-01
7.734324068765316973e-01
1.332328111600984144e+01
2.806142076294865784e-01
7.322670064729168704e-01
4.227246956506061082e-01
4.067452480580621699e-01
2.263888009900056619e-01
1.715358743924554619e-01
1.370462130969571923e-01
3.727630675510610336e-01
3.796146415280647890e-01
2.764038938362104818e+06
3.543117264007989431e-01
3.027127681122921410e-01
1.774113373500052770e-01
4.159342364190082297e-01
2.643396229640599948e-01
3.302869613850043518e+00
1.446780768352597057e+00
4.550278515562692916e-01
6.047223215456103418e-01
2.722415611760365395e-01
2.675406360604668521e-01
2.185412972735294723e-01
4.265990468810491043e-01
2.651312816587803045e-01
5.353997551163840463e-01
2.491287799083252152e-01
1.422601581176338725e-01
2.878879897191465864e-01
3.214300801711147959e-01
1.032369191489450611e-01
3.100773688469355083e+00
1.749076661402654831e-01
2.109093113522031160e-01
3.871776416052694625e+00
2.256331120339291618e-01
3.941226172600635347e-01
5.814142328737157417e-01
6.217910822777119506e+01
