2.288448474393004251e+00
6.973263135846795580e-01
5.178446519745244281e+00
1.043948608412681223e+00
2.118354724102643249e+00
1.555863246257203958e+00
2.061163744888457605e-01
2.034915940029966119e+00
1.311755995384660034e+00
1.134842272607504921e+00
6.108369608059546430e+00
1.811545161763542744e+00
3.638146581249448897e+00
1.404696607880508319e+00
1.718621975174663863e+00
2.204760071275488897e+00
1.883697658381260354e+00
4.866912613286502420e+01
1.796477946782920387e+00
2.153594392891726716e+00
1.684841212107940134e+00
1.632652816714309507e+00
2.461026797757096318e+00
1.927467232181835133e+00
1.758616705563354587e+00
1.725068997417130934e+00
1.748800486741658000e+00
4.366274503670055096e-01
4.192940092086276849e+01
1.175180290580162490e+00
1.174154461320663367e+00
4.042118913276887326e+00
2.135921067985919741e+00
1.784973725070490236e+00
8.416984362100937700e-01
3.904614671199547971e+00
1.514939990176073836e+00
1.738665618860922413e+00
2.337332654008808852e+00
2.034163446276956666e+00
7.244553190634190898e-01
7.069419257611420093e-01
8.486966019504760261e-01
8.409580698204131011e-01
5.849964079977162390e-01
2.450860591223692264e+00
1.578799679566140313e+00
1.576879574545738905e+00
1.626137148777093921e+00
4.784971584570812952e-01
8.494607790425665605e-01
8.661821367158422103e-01
1.598854282896197692e+05
7.161977218670944056e-01
4.266681329473430706e-01
4.200304066765263022e-01
7.863941173099546766e-01
3.398639679289452715e+02
1.418075259097033802e+00
1.528082577633156802e+00
5.018711955747320319e-01
1.033311518677255805e+02
1.879400454914101015e+00
1.460086199669923479e+00
1.492109774227170726e+00
1.817509322355799650e+00
1.984304053896230879e+00
6.807690550295170118e-01
1.328876726034953437e+00
6.393706241897225695e-01
1.474948562255506523e+00
3.108325603415981853e+00
3.113037022969449286e+00
1.756478243034957476e+00
8.951983918000844254e-01
1.089997132712846817e+00
2.142555420918701881e+00
4.110456315954850837e+00
5.306211181810216658e+03
5.547872196436695447e+01
2.561528883266330769e+00
1.688411485969768222e+01
3.795968309647261840e-01
1.939958946080124091e+00
1.857760019667026752e+00
1.633573596117597670e+00
5.321242152946176196e-01
4.480148251325157815e-01
3.879482040226135964e-01
1.798144046783288097e+00
2.038408657859325235e+00
1.553011354832157576e+00
2.180827645890506261e+00
1.770973159021333565e+00
6.752708380515806130e-01
3.000563854080962045e+00
1.829057220582585019e+00
1.862271965483830671e+00
1.749446204989167253e+00
1.481499685990275594e+00
2.025512751772877706e+01
3.675354489814126492e+08
1.781053532988989607e+00
1.708957433478799581e+00
1.537428305322228184e+00
1.745486127458776737e+00
1.935048396142295291e+00
1.655720809413985029e+00
1.421313453223604473e+00
1.658656623008187392e+00
1.739469144135993295e+00
3.236218550925300860e+03
4.570541234820539830e+04
1.596472551082029456e+00
2.116591281410615366e+00
1.973529269369614036e+00
1.073270557923593937e+00
8.968736395782141990e-01
3.569059701340585811e+00
8.299036254024433346e-01
1.526918558708917129e+00
2.836454564327746564e+00
8.243313560087389691e-01
1.694971807035619227e+00
7.530197552142875450e-01
1.434887833660708711e+00
8.428927328091530002e-01
9.648484836399064957e-01
1.729641483482076580e+00
1.111227234504197359e+00
2.045345735930389264e+00
6.058228260891191042e+00
1.131984159839218629e+00
1.535019471804813573e+00
2.813750660483156363e+00
6.887317529467371635e-01
2.897940012494121031e+00
1.471267579982328932e+00
1.774575693088851436e+00
2.914559594341174620e+00
4.755200858761620131e-01
1.659893158093656895e+00
1.302461740591652983e+00
5.759146811717449054e+03
3.453086558181064669e+06
2.251155977875927583e+00
6.728808615459905829e-01
4.601537809022211989e-01
1.923928799088982844e+00
2.123952320080398248e+00
1.254439114676325406e+00
1.738561964995253062e+00
2.197719715035936883e+00
5.162634319662648963e+00
1.966413341785710145e+00
8.484736088549788002e-01
1.021672247871028061e+00
1.184731650310608675e+00
4.112901774791500209e+00
6.019926574418321685e-01
2.076967841310821683e+00
4.872279535592271560e-01
5.374873438297792738e+00
4.033020458478752679e-01
2.368915392129227637e+00
1.656948000925272835e+00
1.045576958684592661e+00
7.703783545333553029e+00
2.111757686612085738e+00
1.466648343167529234e+00
1.403073604250106854e+00
2.139195926641821455e+00
2.117574435816148792e+00
1.682479452546441490e+00
3.305495518125952437e+00
2.278712045003035591e+00
1.528525464116007981e+00
1.359650617038697495e+00
1.954645178435313824e+00
8.350885278309091442e-01
3.348481644122716649e-01
3.153379603528013719e-01
3.911111029873216016e-01
1.445442432376923270e-01
1.111819745605059584e+00
2.474820452723384134e-01
9.588527531146215921e-01
5.297358825663279758e-01
1.078571430282607491e+00
1.538816838104612561e+00
3.204787443613883458e+00
1.914146370524328011e+00
1.684678253847046290e+05
2.127762333562380093e+00
2.137605905239204684e+00
2.109945757558414403e+00
1.872964486604469236e+00
1.872351687859082459e+00
1.993292205575213583e+00
1.791105805067717993e+00
1.874374822490582737e+00
1.871843174018830602e+00
1.893438799509315373e+00
1.329159126258855350e+00
1.343786177815066596e+00
1.335937566338939231e+00
1.924336102987561414e+00
1.718424149821088376e+00
2.346889552623669939e+00
1.480214619153188194e+00
8.057768982962122560e+07
6.096088901180811703e-01
2.016759202086720659e+00
1.701325713009664398e+00
1.338538757457968797e+00
1.982792279619782105e+00
1.989011108063076350e+00
2.613809760985205788e+00
2.562035548928047746e+00
1.484585532987771739e+00
1.013210879792848740e+00
1.773358224981936182e+00
5.155912052023798875e-01
1.233517791321890433e+00
5.248789333158912632e+04
3.597776529996954196e+04
5.154551813244859659e+04
3.272372890896134923e+00
3.294950236086169326e+00
6.851536108580627005e-01
6.585718366061228402e-01
7.064404076119786824e-01
5.064128767689517474e-01
8.843064992311753247e-01
1.917508505927175477e+00
1.751582150748403288e+00
1.253916552315748723e+00
2.960234767457385008e+00
1.375296215816732559e+00
2.112979653176170647e+00
2.282801231400537478e+00
4.169915255484493599e+00
1.226494995995164983e+00
2.228997199315658317e+00
1.638973123253088859e+00
1.500741017604185545e+00
3.222941771216582129e+04
1.738817735176746648e+00
2.586213969945395519e+01
1.309043583502522257e+00
1.955367234685078115e+00
2.841112163735646027e+04
1.299361529509540869e+00
1.580042802481066433e+00
1.898632023172889260e+00
8.395709604405194426e+00
2.208134388498525613e+00
1.694526096007658689e+00
2.176165208885445068e+00
3.361828995026518552e+00
2.256103883790049558e+00
2.087045420962742259e+00
1.546444846381463734e+00
1.676547002579614309e+00
1.761509506910738931e+00
1.296637937025665543e+00
1.552087196551999781e+00
1.676505937412932079e+00
1.761577492443212378e+00
2.502583558516524587e+00
1.303412831174465492e+00
1.543847180872626623e+00
6.590186934102729710e-01
3.034770288501321467e+00
1.847615145485043131e+00
3.202737387408020719e+00
5.199436951871176937e-01
4.842613012889047241e+03
1.765465209025794957e+00
6.833415804304852514e+00
1.985624944397636371e+00
1.821186309671818160e+00
6.519254894565601477e-01
2.489107067259585637e+00
5.744726538925031267e-01
1.818090155211349312e+00
2.707991978743069517e+00
1.566794229582662012e+00
1.073791617193392556e+00
4.149300427777317911e+07
9.564970727605383843e+06
1.169576612216637335e+00
3.266262575746854767e+06
1.961096413057409782e+00
1.867372247730076040e+00
2.141047369664146327e+00
7.081240239559820626e-01
1.625687637993393553e+00
2.162688130684374155e+00
5.376787142646857198e+00
6.239498790412197238e+00
5.106137680657848676e+00
1.886802676269244472e+00
7.556976651855670246e-01
9.746780454673023009e-01
2.583671634942067197e+00
4.293316740767306072e+00
6.795600211892851572e-01
1.478735087817881544e+00
1.555705292445319854e+00
1.384214670206878495e+00
5.424792270260187621e+00
1.360672361226210159e+00
1.617692578358224997e+00
2.162049384078633452e+01
2.574434796290183058e+01
1.729661019805585731e+00
1.439174429971548319e+00
1.916751455321999531e+00
2.459395609321197718e-01
1.156515491601882717e+00
1.406888043613343964e+00
2.820225151999224078e+00
1.635537338773453753e+00
1.940623856478930875e+00
2.177239630991202990e+00
1.702442510902220318e+00
1.719260482503320642e+00
1.490833945588883935e+00
2.077778114057451386e+00
1.726689822116682205e+00
3.030593605037612992e+00
2.964909950136284333e+00
3.028049950391884071e+00
2.941056430663786081e+00
4.974479854678774871e+01
1.547183197064234905e+00
3.498050282445703818e+00
1.256273913788392260e+00
4.375409236160488824e+00
1.253810609200164183e+00
1.510796084564015818e+00
2.054938804863894131e+00
1.908492550649329766e+00
1.709533782761241794e+00
1.550344157505091802e+00
5.114513229594109589e+00
5.117075954477094957e-01
3.279571473229334178e+00
5.328361232851949181e-01
1.288661291463266689e+00
6.595327346623061082e-01
6.752088270931968506e-01
2.250438901803750724e+01
3.601650597704953327e+00
1.167301020561292813e+00
1.876944459374789931e+00
2.442065755746279976e+01
1.072520999280841547e+00
2.157163141844139886e+01
1.550157711133344218e+00
2.842117908637218360e+00
9.349752140549575374e-01
1.744186898549076936e+00
1.309559716278577035e+01
3.062066311733973034e-01
3.054819409500955651e-01
2.902769829886484576e+00
1.679758809575617517e+00
1.659559652626045656e+00
1.609340301217121239e+00
3.661586192533544670e-01
2.285758686742485057e+00
1.751438071850978551e+00
1.607886029438017950e+00
1.496148024551814615e+00
1.544461850445037143e+00
1.704165501907751956e+00
1.694063130198540268e+00
1.771354386342194775e+00
1.856468217274461763e+00
1.683767820588670583e+00
1.627754999986644302e+00
1.726588244056170840e+00
1.834543926994901986e+00
2.678345675213499533e+00
6.493555879521570873e-01
7.080239844722089337e-01
1.280259102585378628e+01
1.161581658213950430e+00
2.315616857620600211e+00
2.672339013350154779e+00
9.768203972918212408e-01
1.060462355304223392e+00
7.857394445288301554e-01
5.320780810417946594e-01
3.857174751436402538e+00
4.549065333695695657e+00
7.611087376795219406e+00
1.245338262616995539e+00
1.603280215195417968e+00
1.279602175994048352e+00
3.891145149661721536e+00
1.065143260848053552e+00
4.159080643159404067e-01
8.397209871194971642e-01
1.152662958180051156e+00
6.219255802073383244e+00
2.487814805133872653e+00
1.614183033956332336e+00
1.997652708764865892e+00
5.685014788144790998e+00
2.058745933019795693e+00
1.876047052430753981e+00
2.332688693962591424e+04
1.628061682309161151e+00
1.709862037284508807e+00
1.357380718345804205e+00
5.910499373861832282e+04
1.290797007770313698e+00
1.117682031452946534e+00
2.448422362370825311e+01
8.115228581725646428e-01
2.559276222271210344e+01
3.213401267765757741e+00
2.604122807882485802e+01
1.494172589800181595e+04
1.288361774302897444e+00
1.782356219398875563e+00
2.968776162625274662e+00
1.403025364370476202e+00
6.433432975033887487e+03
2.401634159326252682e+00
9.241841066438389873e-01
1.322330400885279200e+00
2.304222877299670014e+00
9.266737843538486175e-01
1.364766961718257399e+00
1.952900616990542071e+00
7.779639860193677123e+03
3.307067184306157204e-01
9.898765309746556662e-01
2.119354462124748650e+01
1.363046851528376457e+00
1.308620718928446669e+00
1.276841021662804110e+00
6.281742201189709496e-01
5.852874499375568362e+00
3.106653088360578963e+00
3.986238305075304189e-01
1.009469916774327514e+00
4.693440007928990632e+00
1.863897334291880759e+00
2.808340752050931144e+00
4.015504532013024486e-01
3.818777349071758587e-01
3.597553144175192896e-01
3.833389138391609108e-01
2.223127189327775977e+00
1.656183431956065766e+00
1.849217069078132214e+00
5.913128976761722333e-01
8.862546000398984214e-01
1.986450298987884944e+00
9.876116797397950231e-01
2.421522958624293675e+00
1.865613690423532312e+00
2.198582289694098654e+04
1.018085350900012509e+00
7.216093893457078412e-01
9.461177692240361203e-01
7.977139993018055975e+03
8.112238630797034421e+04
3.646405540401538858e-01
2.701211855714007903e+00
1.910168783971595730e+00
5.261238896269114562e+00
1.858371048840286255e+00
6.308469557057159172e-01
1.316256798043124565e+00
1.999627045994775365e+00
1.371416357228821825e+00
6.907406001662378392e-01
2.096780470486220516e+00
2.333260940425364360e+00
1.362223977453597579e+00
1.583709303678623614e+00
1.798207678652347763e+00
8.089669814701498929e-01
3.197797332170506194e+07
2.711530408113147494e+00
2.156301390364529169e+00
1.425788838825212901e+00
7.271238367677639314e-01
1.858884195635513326e+00
7.914659516139985751e-01
4.203445410836095797e-01
4.137787444637393897e+00
5.827241816598177637e-01
1.352565455491288260e+00
3.194537304999609084e+00
1.836487180353064685e+00
2.058226752909487978e+00
1.594971109974429480e+00
1.424346714972444250e+00
1.568114826559509289e+00
3.996956943236176230e+00
2.442740908156172119e-01
4.466099069926124376e-01
1.690987771997564781e+00
4.028752993073511313e+00
3.148244387705657399e+00
1.649072488587796315e+01
3.524831430226029294e+00
3.034128650586206888e+01
1.346709964744578603e+00
1.631198662917498865e+01
1.630536140581519078e+01
1.996656363756729169e+00
1.712343983961930549e+00
1.556240201220283170e+00
1.602620555462366259e+00
1.854504129012037872e+00
8.751964629688023578e+00
4.565092597035130486e+06
1.580415840221494506e+00
1.870861272605125025e+00
1.875170292647242443e+00
1.993255633387082781e+00
1.400335805070829220e+00
1.382206710768100200e+00
1.802273995428714359e+00
2.417105423566300981e+00
2.053971635408420759e+00
1.693215226750303115e+00
1.491456345199839495e+00
1.265370034195410831e+00
1.879855459391865713e+00
1.826203670729390716e+00
7.406507385083919814e+00
2.070313741849138189e+00
1.348233685052189212e+00
1.582668633502361422e+00
1.584142794470342563e+00
5.213133631470737717e-01
4.916020180434245823e+00
1.325649896119176940e+00
1.041389630024325719e+00
5.835730139286774865e+00
1.961678677629990020e+01
1.746162554931190547e+00
2.131701552247190712e+00
6.038290487650571947e+01
