0 0.64529193722 -0.032020327863 -0.344877325991
1 0.388690143235 0.214811375291 0.0030393377254
2 -0.114659343022 1.0223359539 1.38675960683
3 0.259446600805 0.198070023485 -0.00762785334238
4 1.03963359963 0.452567621029 0.519475334333
5 0.515454460495 0.624860810087 0.716948173663
6 0.480696145641 0.272022744658 0.0996260730332
7 0.682019648757 0.742333063313 0.982507370686
8 0.682400202496 0.442321493069 0.453813025343
9 0.346779679553 0.427556328687 0.342772682283
10 0.728691304084 1.58595173111 2.58105939343
11 0.863454863114 1.37847225211 2.26787642102
12 0.708516850167 1.55263493134 2.53768891533
13 1.06781649955 0.690127133054 1.10151460531
14 0.738598418195 1.49557934282 2.44289889973
15 0.0558480939674 0.725347837397 0.893968599518
16 0.111620325321 0.715569119582 0.883326573073
17 -1.58236841483 2.05469857897 3.38336670907
18 0.11162074641 0.715568572125 0.883325623635
19 0.0593752844049 0.72103996765 0.887130531912
20 0.156460123317 0.59330721932 0.614698114231
21 0.156452280061 0.593352858945 0.614729355097
22 0.211397191601 0.612651556825 0.684758823729
23 0.738930168416 0.0157912853048 -0.256053748163
24 0.754753553492 0.0269898010993 -0.221551043442
25 0.756721019163 0.0298091625859 -0.223455764168
26 0.756525021259 0.0302007782283 -0.223474238158
27 0.541443479854 0.326205982292 0.198609507172
28 0.972758043046 1.43783760888 2.70959139808
29 0.397751155851 0.503480777492 0.493445216098
30 0.379905098742 0.510899870412 0.503018372594
31 0.738442921911 1.58593490552 2.58320792412
32 0.184283086212 0.583698458873 0.590478150133
33 0.186300113973 0.465924996885 0.358660148743
34 0.473673428814 0.528141719052 0.466181443372
35 0.731446105006 1.58587175733 2.58120030567
36 0.88886468234 0.311907506219 0.273020436173
37 1.01759981556 0.257228069433 0.160029880147
38 0.859219445669 0.630258303416 0.77950834288
39 0.156401996121 0.593306393554 0.61465468659
40 0.314386685758 0.353883517413 0.215554747435
41 0.273059586143 0.379084624392 0.302063973115
42 0.297535754872 0.350111844231 0.22090263352
43 0.302879025238 0.356750920742 0.228756414021
44 0.441950942819 0.272391777692 0.102533038334
45 0.566004958968 -0.048770807427 -0.387130199909
46 0.184280602005 0.58370091226 0.590482951574
47 0.184282904693 0.583698646894 0.590478495218
48 0.18243136551 0.586520739617 0.597345804179
49 0.290703435885 0.384187484915 0.286705741537
50 0.304124195703 0.35773315474 0.230085528572
51 0.304124293515 0.357733014589 0.230085291214
52 -4296.83352699 -2929.27700724 9976.95683089
53 0.562222630462 0.378491960304 0.286125486656
54 0.566716112761 0.350655779356 0.242375716573
55 0.56966444862 0.349434027397 0.23021556379
56 0.572222042152 0.336755215324 0.227820258283
57 3.36228001046 2.45084544902 23.8619940375
58 0.583294589435 0.901578760285 1.28939312531
59 0.475002415178 0.597210316225 0.655981369129
60 0.570602217114 0.337118626069 0.227309228912
61 -2.58779664003 3.01588040744 5.61749053067
62 0.607707294826 0.905263574168 1.28984189141
63 0.555619904416 0.890116176406 1.27935152536
64 0.581959382229 0.896031538713 1.29378508061
65 0.555619904585 0.890116173761 1.27935152396
66 0.581374751426 0.894200023576 1.28680976102
67 0.566716088205 0.350655824365 0.242375880149
68 0.616188773427 0.680500627405 0.859819917412
69 0.772266196289 0.256763833002 0.119819818729
70 0.78612575855 0.11131604986 -0.0999116533293
71 0.688653590536 -0.0962479365105 -0.456030251526
72 0.688653695207 -0.0962450971441 -0.456032036697
73 0.813988874337 0.137085275485 -0.107742356207
74 0.3573255084 0.423148094689 0.362745332388
75 0.523694283195 0.472641315866 0.260014674541
76 0.651462197797 0.112590609231 -0.260323873998
77 0.622418289656 -0.102737397442 -0.567733661962
78 25.0557568937 -347.688107199 -134.158984849
79 -1.42961138376 -1.31275054776 -0.769873816542
80 0.55563329777 0.890114569978 1.27934698802
81 1.0434322726 0.781179351246 1.58428041763
82 0.438189841896 0.278264067296 0.126006469992
83 0.0752934250153 0.605189336304 0.650090805164
84 0.0661952615047 0.615091758913 0.692613116177
85 0.209602874754 0.604294072137 0.654661169801
86 0.493311370929 0.192163572571 0.00279914652121
87 0.493300707876 0.192167946669 0.00280930501953
88 0.496429649787 0.19743593504 -0.0173047781428
89 0.187471813456 0.596904338079 0.64865059826
90 0.187646609835 0.614414012168 0.668593746403
91 0.51499854549 0.626342445564 0.716525789891
92 0.426627756247 -0.0216672738443 -0.347132999312
93 0.656129523933 0.710671299587 0.934842197386
94 0.632260233519 0.6872607624 0.865547720844
95 0.731549162394 1.58582685439 2.58111353358
96 0.317624466909 0.633277578054 0.716363049002
97 0.298248807529 0.631145163322 0.713526368267
98 0.290631452966 0.630701199881 0.713588088072
99 0.277514024729 0.611159562776 0.689342626919
100 0.277629227459 0.18974199586 -0.0168825257794
101 13625232.8626 8510366.77812 20269967.8486
102 0.286081592149 0.635450787343 0.721536070871
103 0.304586665128 0.636613453014 0.733602771074
104 0.290631452742 0.630701029951 0.713588143013
105 0.307728747703 0.622235385828 0.682422012436
106 0.302437810283 0.646848866745 0.70615958213
107 0.297112930313 0.617198329692 0.685753637564
108 0.297113048077 0.61719811298 0.685753443047
109 0.33666880683 0.635267704114 0.723245529259
110 0.307726425687 0.622234450684 0.682416450213
111 125.329549519 -45.1036100748 -184.229589023
112 -1603.553741 33.3467756085 -2786.21607535
113 1.2252725435 0.805758493655 1.13767487954
114 0.632259393969 0.687260598875 0.865546822271
115 1.12691912124 0.802755867764 1.18412398703
116 0.380260845658 0.426582842032 0.354905557248
117 0.408583111859 0.469177333462 0.417304222015
118 1.15410721457 0.846642244836 1.27778709635
119 0.650825075489 0.132275532468 -0.0838969942379
120 0.349157078321 0.563139463225 0.580068983975
121 0.480625106545 -0.0890021737749 -0.454825446625
122 0.797858923604 0.337064559686 0.270178006053
123 1.12691912129 0.802755867813 1.18412398712
124 0.277629531175 0.189742724694 -0.0168822413796
125 0.977721299348 0.356173392093 0.320025662064
126 0.647831721403 0.122808563189 -0.0651578589967
127 0.686226009749 0.143914388731 -0.0533673275242
128 0.766913392774 0.0320300406266 -0.21721037163
129 0.273460805098 0.182810844092 -0.0589934492792
130 0.766678054611 -0.0100053735202 -0.294441673706
131 -0.0721544800266 -0.00873740061502 0.152821510794
132 0.377641371742 0.138210656497 -0.103130823792
133 0.438689103137 0.651272917042 0.798035182026
134 0.066675995886 0.100881316389 -0.181811777579
135 0.467567420439 0.331334957755 0.230400420244
136 0.597059208262 -0.0836192606987 -0.441074062824
137 0.57743974872 0.0344073100598 -0.245976243994
138 0.624747678292 0.741521306039 0.955789505411
139 0.592798118531 -0.0842707662205 -0.442132747845
140 0.38334525149 0.312528681122 0.186513927263
141 0.496439837243 0.55530569622 0.581478825309
142 0.492050982437 0.549444226853 0.563773092451
143 153.803828635 287.163420382 241.088652237
144 109422.293129 214833.102402 30361.6044824
145 0.371703828994 -0.0259957987822 -0.332935451387
146 0.678824869661 0.3782590244 0.301149994073
147 0.53510202811 0.345252935083 0.232566034491
148 0.756721026806 0.029809170535 -0.223455740275
149 0.783642455561 -0.00978762589847 -0.287881544007
150 1.30679356466 0.944335227272 1.42719365585
151 0.360844784747 0.639873345126 0.736367239419
152 1.18963393853 0.81028087074 1.14456858642
153 0.747293519862 1.58542048211 2.58333489672
154 0.17220677017 0.121498110978 -0.214488588634
155 0.489142005037 0.477508281 0.437885520472
156 0.489834660367 0.476910345792 0.436425994244
157 0.391804886907 0.125911255888 -0.135639983397
158 0.59144508923 0.0244215248798 -0.255174877392
159 0.431495910763 0.357134154506 0.247516526799
160 -0.0234180487912 0.681028887487 0.805134631881
161 0.658912987496 0.329939816209 0.20905241362
162 0.713491625535 1.66252333861 2.75145223566
163 0.441950496486 0.272391611153 0.102533293645
164 0.689598441169 -0.0308633075013 -0.352119813235
165 0.624241268309 0.743673810642 0.962238381587
166 0.390769535982 0.122586648375 -0.132183216969
167 0.727665690763 1.58990796537 2.58929804841
168 1.12692038084 0.802756388461 1.18412375995
169 0.742878277323 1.52227877221 2.47106609459
170 0.49151964976 0.558991321066 0.512104719428
171 0.422503212327 0.567748810306 0.5477120127
172 0.307726425687 0.622234450684 0.682416450213
173 0.375374704428 0.615515703033 0.683426496029
174 0.672262191889 -0.126358610409 -0.496569375131
175 0.731557214287 1.58582668542 2.58111527922
176 0.439537662977 0.0431157131144 -0.223380408032
177 0.183167962602 0.269626457034 0.0822165059264
178 0.464233081601 0.0480821842302 -0.125422983553
179 0.493004934318 0.448370356016 0.383715427463
180 0.455774232059 0.299047713792 0.160699220006
181 0.454880330483 0.306196717146 0.156239070576
182 0.404435088869 0.359200488843 0.246414869986
183 0.545779066222 0.225784843845 0.0572661697426
184 0.335641842857 0.169122393437 -0.0526115429354
185 0.546102892011 0.226974421966 0.0572787930751
186 0.34576936014 0.159778011568 -0.0384523148608
187 0.434065955768 0.376551984756 0.22999476217
188 0.489833225107 0.476910380224 0.436428739203
189 0.0500167403225 0.269646181703 0.0812634060475
190 0.844090249541 -0.0789136872647 -0.439799848003
191 0.845728541088 0.0521539165875 -0.155476838333
192 -4666.42567391 5586.36847691 9357.66287791
193 0.0558480752556 0.725347836952 0.893968598412
194 -0.0140393883626 0.719552358748 0.874467853822
195 -0.013631600474 0.719207799512 0.867067607685
196 0.331657572736 0.635819242966 0.722683608421
197 0.331657562448 0.635819266139 0.722683747538
198 0.374790260832 0.638238740029 0.734082651728
199 0.353604813348 0.634146790498 0.720450512008
200 0.331361369149 0.634460607658 0.723658421944
201 0.274175827585 0.618163082478 0.701466030021
202 0.308816104347 0.634114194242 0.71791101433
203 0.52772196424 0.0736148404971 -0.179037814497
204 0.527722024949 0.0736162462291 -0.179039760683
205 0.528917459637 0.0783319478292 -0.181997378147
206 0.619503571341 -0.00704531355304 -0.295117177437
207 0.298340165291 0.630653899814 0.712372592407
208 1.01386106535 0.452253300708 0.490886773086
209 0.996841670959 0.323618696152 0.270874417633
210 -207682.251184 440317.941387 5649423.56739
211 0.42992514202 0.197537173291 -0.0383308151366
212 0.724747685823 0.619279362634 0.73936891152
213 0.743140015352 0.586446226452 0.660177760531
214 0.920473460315 0.141427051444 -0.0328076284662
215 0.688743316391 0.776196425352 1.05518290912
216 0.574880033943 -0.00407298464779 -0.3226875947
217 0.671453442123 1.024934565 1.47512221491
218 1.15588930311 0.160232742398 -0.00144660386396
219 0.380359630128 0.61264594311 0.657275408702
220 0.566914550165 0.443591959182 0.399683971211
221 0.465614418671 0.0156223785027 -0.296712691436
222 0.49331307078 0.192161583636 0.00282962800035
223 0.579132393557 0.24183174543 0.144671865061
224 -3501.69443381 -211.321537988 -1155.28877095
225 -2477.32188648 -379.69712065 -356.590713073
226 -537.435619153 -1449.22491386 -3281.82259767
227 0.506708601808 -0.111235205963 -0.504463386218
228 0.506525097482 -0.10936175417 -0.506327601042
229 0.552626022613 0.156364469649 -0.0734109336708
230 0.553058805273 0.150957936106 -0.0735729752967
231 0.55019034229 0.155187455471 -0.0731288512986
232 0.559045190614 0.150886686569 -0.0695218755845
233 0.553058795983 0.15095794359 -0.0735729435204
234 0.198505508699 0.619488393609 0.692362060335
235 0.242065625217 0.617760166021 0.672466842782
236 0.777601949131 0.793503265899 1.09176083446
237 0.932813954435 0.034772940881 -0.288846258098
238 0.834685508214 0.449270076831 0.465228278563
239 0.42388605956 0.756435509691 0.977004501665
240 0.953439663178 0.877211742772 1.10986964019
241 1.06588347901 1.22968334468 2.00876962719
242 0.753937016857 0.422675284539 0.418385767079
243 0.834680176854 0.44926944358 0.465226477056
244 0.593059334148 0.632331111875 0.753996213687
245 0.359253697425 0.488188331186 0.471599578061
246 85.7671778733 2026.85409153 -1023.1256837
247 0.591348494122 0.559820825089 0.584227173212
248 0.774157042772 1.13457665042 2.170950396
249 0.297793033154 0.527515660096 0.509911029907
250 0.466810998808 0.639089928367 0.766022556947
251 1165.61854331 -311.762092969 -1593.91625063
252 0.977950608444 0.322276855966 0.283787857098
253 0.548327417259 0.0342498348123 -0.267845768543
254 0.574880253662 -0.00407298103482 -0.322687483552
255 0.551226325374 0.689844316165 0.834256861512
256 0.829834271641 0.635640858855 0.782286042319
257 1.21378758998 0.807893494592 1.1401028939
258 0.538532753316 -0.0145680103901 -0.353547046067
259 0.543165654791 -0.0966435059007 -0.552490204211
260 0.14313601729 0.451990857135 -0.0105984415408
261 0.689598187455 -0.0308636960314 -0.352120555473
262 0.581099312977 0.0255865914934 -0.25776981631
263 0.577439314847 0.0344096952311 -0.245975651969
264 0.577439314846 0.0344096952311 -0.245975651969
265 1.15410080838 0.846643277749 1.2777874735
266 0.58136820276 0.0252167529324 -0.257960022242
267 0.577439314846 0.0344096952306 -0.24597565197
268 0.577439314797 0.0344096951961 -0.245975651345
269 1.16114928233 0.897368986821 1.38103700234
270 0.355059460611 0.0766331211553 -0.173309227823
271 0.346779562748 0.427556275226 0.342772379312
272 0.477069648966 0.201606784318 0.0661820196535
273 0.212333638156 0.745235417269 0.907872668984
274 0.188423751012 0.743453961022 0.897282688958
275 0.752654794457 -0.0927193177895 -0.447574836881
276 0.428921219957 0.337414185693 0.20696732495
277 -96.167045703 296.364996658 140.285207339
278 1.15410080837 0.846643277578 1.27778747285
279 0.382255130399 0.308187566699 0.176818722073
280 0.224642111761 0.628192157009 0.684464024827
281 0.125825524799 0.616315747969 0.676386354516
282 0.462930278374 0.24656349981 0.0754716815195
283 0.507606135891 0.702222248024 0.889226641001
284 0.382255270558 0.30818773237 0.176819077749
285 0.6695257169 0.0230859135092 -0.251705235392
286 0.736990193123 -0.087971812358 -0.36813297634
287 0.757827799109 0.788444416309 1.07562872615
288 0.515459918086 0.40658127795 0.390416978736
289 -188106.997583 -1212079.94996 -2649792.81146
290 323500.075488 -157904.052004 -568751.571325
291 0.550798094969 0.112535824685 -0.128058602046
292 93003.6548667 -160682.626069 -135511.129316
293 0.746339398428 0.0364669044991 -0.225436980846
294 0.765660091272 0.034809002366 -0.21227313663
295 0.75477253661 0.0270053425061 -0.221538800037
296 0.550144006816 0.131611267079 -0.110454085904
297 0.362300104911 0.588627170027 0.630033189914
298 1.32179498852 0.938514042554 1.40711666228
299 0.738442921912 1.58593490552 2.58320792412
300 0.717775746668 1.58961370426 2.59044200431
301 0.732474152034 1.58660703559 2.58331055802
302 0.710551397161 0.429147167938 -0.0303721898366
303 0.403738649764 0.496178741029 0.450906142059
304 0.512577785764 0.410137313207 0.346970212077
305 0.580049110047 0.695847076161 0.876148187539
306 0.731556971145 1.58582684205 2.58111544192
307 0.193645086041 0.311717873132 0.143370653171
308 0.684928384103 0.576275544574 0.648202779253
309 0.669645058557 0.702227763072 0.890512939597
310 0.158677865442 0.539948326252 0.540057119739
311 0.802871470272 0.956941470446 1.44744111475
312 1.13090714704 1.24009869363 1.97576264835
313 0.679066699426 0.566525408204 0.614080326579
314 2.63399659086 1.63809445523 1.462939163
315 0.599109223555 0.888012425797 1.23019221956
316 0.616423850365 0.68165491136 0.861627095087
317 0.642680562663 0.632418867948 0.724127358909
318 0.563496273095 -0.00357501495691 -0.320438190775
319 0.491928635723 0.29709545482 0.131026302193
320 0.234966637547 0.470555705513 0.407828464876
321 0.783290216849 0.492696594107 0.518619220286
322 0.592798133565 -0.0842707630181 -0.442132677584
323 0.834685670236 0.449269842381 0.465227463228
324 0.432631968289 0.755910334793 0.931958671494
325 0.109679318126 0.657462545999 0.744993498552
326 0.19486141805 0.644053297749 0.736430019086
327 0.194861124165 0.644053312372 0.736429898072
328 0.194370431338 0.661575948236 0.782719499683
329 0.186655049408 0.649944575148 0.733450378808
330 0.246079330354 0.640407247497 0.732461276926
331 0.696149244751 -0.08593105853 -0.433939139222
332 0.698999073011 -0.0862072052389 -0.424127738502
333 0.696148896513 -0.0859235364055 -0.43389771809
334 0.698999634305 -0.0862073826541 -0.424128058664
335 0.662933648317 0.355686856424 0.109739291463
336 0.624747694663 0.741521110565 0.955789190425
337 1.21644501139 0.00921014922187 -0.223871412108
338 0.548626304245 0.563974105728 0.602157976046
339 1.11699302146 1.26582906127 2.03816670922
340 0.549781876755 0.599981325614 0.672753398855
341 0.545671465041 0.029093256879 -0.269173461063
342 1.02918108153 0.424729887991 0.38177293328
343 0.139351087382 0.178981626149 -0.115361284521
344 1.18454992789 0.900824622164 1.38682836267
345 0.283842691198 0.625022050359 0.724664393215
346 0.744863021881 1.58784439507 2.58816879241
347 0.404434450317 0.359199312182 0.246410542449
348 0.630069093574 -0.126863527837 -0.506127044796
349 0.447892058905 0.310948819526 0.177429439415
350 0.654084665852 0.0751727660579 -0.126153327422
351 0.430675966282 0.327239363467 0.211513857409
352 0.430675977976 0.327239350838 0.211513793854
353 -0.167704591048 0.649441988954 0.757158158574
354 0.844090291543 -0.0789133761248 -0.439801049533
355 0.881671692305 0.19026812257 0.0390256734108
356 0.298340045773 0.630654636946 0.712374006109
357 0.591328539148 0.932454098976 1.34294179848
358 0.879753311824 0.535927729531 0.588751644309
359 -0.455206906872 0.534964575795 0.616450196342
360 1.01991319434 0.45344806805 0.500604130579
361 0.596391169513 -0.0837811788695 -0.434158756853
362 0.687168150577 0.152417493862 -0.0496546646874
363 0.315493635869 0.653132642457 0.774002137477
364 0.731965663463 1.61028906479 2.6638362122
365 0.489641768011 0.316119763656 0.173031661864
366 0.479516849329 0.265777817687 0.099434412123
367 -0.0159813936479 0.0251298242715 -0.325958998977
368 0.333143711794 0.564357743992 0.601083866642
369 0.671007912208 0.0679418312739 -0.185007804784
370 0.496288330654 0.627096782129 0.729362201289
371 0.643784286133 0.226968719988 0.0693928118201
372 0.716093403406 0.934295603665 1.35719224254
373 0.496748516943 0.642068540121 0.746149073049
374 0.498533999439 0.635138643729 0.720508143028
375 0.466510788331 0.621684957295 0.705215091042
376 0.478525729116 0.624396616564 0.713510064176
377 0.507232536302 0.624546346347 0.713668947617
378 0.507106302491 0.624537483286 0.713643224747
379 0.514998608578 0.626342448499 0.716525803367
380 0.496288414128 0.627096760601 0.729362234423
381 0.507105739827 0.624537396702 0.713642964018
382 0.46933933449 0.627666585468 0.707058732492
383 0.507232508752 0.624546339782 0.713668932939
384 0.347629970392 0.630770853031 0.70819163223
385 0.506708534079 -0.111235241887 -0.504463454497
386 0.502765814199 0.365344963485 0.277482945217
387 0.495608709876 0.405835269724 0.290691656045
388 0.715994815656 1.601262895 2.65591311373
389 0.587200955903 0.509370924139 0.51906781441
390 0.555619904588 0.890116173761 1.27935152396
391 0.635333640049 0.687872298004 0.858303045051
392 0.406093078849 0.463023842106 0.426133715384
393 0.418995791854 0.462644261353 0.431052877365
394 0.504535442186 0.432241755035 0.388371885239
395 0.660170617007 0.200364035935 0.0171066825533
396 0.954703643289 1.05584247201 1.87774150016
397 1.24734238203 0.524081553366 0.769199228478
398 0.751146152901 2.0828587787 3.37760492404
399 0.34793050927 0.513191121396 0.505841827621
400 1.19961254115 0.81156926633 1.15118124159
401 0.744406836514 0.520045153224 0.541408327491
402 0.744983777027 1.58516317535 2.58226566943
403 0.481411120699 0.490956725335 0.484260156909
404 0.496600383345 0.222951267052 0.0367583174179
405 0.551037649818 0.157871514879 -0.0702097338781
406 0.601889239262 0.0986410236289 -0.153964208173
407 0.730017002107 1.58607974998 2.58143421543
408 0.555619904588 0.890116173761 1.27935152396
409 0.478525660229 0.624396611773 0.713510047621
410 0.574420365695 -0.00119564791671 -0.311174523472
411 0.738442923706 1.5859349059 2.58320792523
412 1.20913512977 0.898469638168 1.48627277867
413 1.12884669143 0.898366005715 1.33758408349
414 -1583.60647791 -15.2859745778 -428.438627336
415 0.548704671292 0.0421082742027 -0.242817964512
416 0.635695050717 0.651294072797 0.792126368876
417 0.939155572125 0.166034437833 -0.00372606202862
418 1012.71302504 -851.974622936 -3942.87140516
419 0.405889190278 0.460719468789 0.404570990026
420 0.401072499867 0.450725028851 0.392869593573
421 2.63399798269 1.6380960195 1.46294258024
422 1.15410080838 0.846643277749 1.2777874735
423 0.529119451579 0.306150036189 -0.355062269179
424 1.30679355598 0.944335135301 1.42719331304
425 0.534131437318 0.413664208574 -0.225208040478
426 45.3778062181 500.657923536 927.723124739
427 0.421777384453 0.554866001356 0.531829675694
428 0.177442302515 0.591398616895 0.609888433606
429 0.751147234873 2.08287291259 3.37761602464
430 0.390672604194 0.451564942238 0.360111153189
431 199.236613691 135.543773976 -383.031234596
432 0.505515098739 0.341254671236 0.313748474697
433 0.396863550789 0.359575892693 0.245273701121
434 0.507105861382 0.624537401095 0.713642980545
435 0.776223833401 -0.0130996192442 -0.320801052567
436 0.682091213327 0.310892966153 -0.0668945145063
437 0.660294230369 0.0568407188402 -0.215667720003
438 0.754995173058 0.0240645019979 -0.261416442738
439 -490.665798754 -49.7010658064 -236.773740183
440 0.551075165882 0.19678076724 -0.000563511876646
441 0.376020926264 0.460545201959 0.407044918972
442 2.32256665281 0.54503328317 0.214321821114
443 0.66334015335 0.0552653410905 -0.179503099098
444 0.601892041006 0.0986503838958 -0.153971734556
445 0.601891165777 0.0986386205976 -0.153964198275
446 0.444095170347 0.328317525544 0.200070232109
447 -0.0118455134179 0.425352040166 1.14875836734
448 0.588585755388 -0.103472016558 -0.482227483407
449 0.388690038035 0.214811551539 0.00303938824743
450 0.442600930742 0.122843380564 -0.12314091416
451 0.731556965486 1.58582811218 2.58111738222
452 0.296765361707 0.631256749857 0.715205906313
453 0.886369783772 1.37073290404 2.11087500684
454 0.644210852794 0.235106129418 0.0709655863523
455 0.643783960586 0.226968707791 0.0693926557744
456 0.644218196732 0.235103874095 0.070958665895
457 0.644206883968 0.235104552965 0.0709575646565
458 0.105680275367 0.0625925784038 -0.265347507368
459 0.473517894106 0.670648692514 0.813396085782
460 0.464353616811 0.666346455526 0.813385863062
461 0.5519800058 0.155728750855 -0.0732193348442
462 0.56022103178 0.120645933028 -0.0913245085161
463 0.445515941378 0.00123538902323 -0.322330557971
464 0.55538747239 0.119148573378 -0.100445278257
465 0.534533820172 1.03528716347 1.51672325717
466 0.216365443867 0.658984309816 0.774377202331
467 -654.085110033 -46.5960610639 -1398.54962637
468 0.282708023151 0.196659560871 -0.0120811045648
469 0.358365050177 0.191939771882 -0.0899871568045
470 0.279511424783 0.451922298702 0.391067027484
471 -471.756604392 -86.0259898895 -291.143016967
472 -1421.19294424 -2542.95940286 -4909.05831719
473 0.489641912026 0.31612018291 0.173031841334
474 1.04183938609 0.066632798686 -0.184096662243
475 0.467434824697 0.650150611345 0.763493583268
476 0.731556965531 1.58582811216 2.58111738218
477 0.645205639426 0.653664233041 0.813258287065
478 0.517123010638 0.221716904516 -0.064897468247
479 0.392183404353 0.218050050115 0.0141420818195
480 0.76016521016 0.0113748169956 -0.246048531575
481 0.324285350001 0.453118586413 0.410691512978
482 0.26479035185 0.384213361194 0.285254933146
483 0.538532566078 -0.0145679512818 -0.353546845903
484 0.547771693552 -0.0338893456821 -0.365040551136
485 1.10764515992 0.671711977349 1.01826852179
486 0.324254030254 0.517770170589 0.5055909222
487 0.649731040354 0.0254298635513 -0.27181186891
488 0.505089125122 0.400018242139 0.322453414811
489 1777420.73819 1157527.55126 751603.093468
490 0.146740793461 0.594751574926 0.623303472466
491 1.21378758744 0.807893494582 1.14010289381
492 0.55927533716 0.0493485594403 -0.206482825021
493 1.1146259089 0.796491460711 1.07721777692
494 0.288553098904 0.65262425866 0.782444219525
495 1.13942097677 0.796082983627 1.0841909475
496 0.405250773609 0.339224027481 0.201364261213
497 0.85788991829 1.4663602781 2.37061602677
498 0.493300707882 0.19216794666 0.00280930510976
499 0.515617289885 0.190113211871 -0.0953568051009
500 0.633923320849 -0.0999461038368 -0.486458511929
501 0.576743071665 0.01548601226 -0.297168820129
502 0.418544916661 0.51146741761 0.303425634784
503 0.408721521367 0.0758233353424 -0.21733861134
504 0.41798406215 0.0724979661526 -0.203068190367
505 0.408722703514 0.0758187134563 -0.217336668898
506 0.857987757883 0.353236525859 -0.172452125776
507 0.39218532121 0.218050348426 0.0141429971664
508 0.396863551527 0.359575892585 0.245273706944
509 1.00568417817 0.150953440162 -0.0325843023971
510 0.702007132172 1.5841411649 2.57539874597
511 0.754350767156 1.55948736776 2.54009623058
512 2.32258843353 0.54502645828 0.214305392409
513 1.32039022904 0.907746279163 1.06373011586
514 -0.0831941157607 0.371332747215 -0.791549369
515 0.463503947859 0.651731926891 0.780245512691
516 2.32259518694 0.545022007722 0.214292400179
517 2.32258537587 0.545018112265 0.214288568106
518 1.22527242271 0.805758552592 1.13767516158
519 0.663327252477 0.684819873079 0.85920965333
520 0.625188590033 0.906746290338 1.29035712246
521 0.60770719893 0.905263568957 1.2898418718
522 0.635695148408 0.651293804084 0.792125803185
523 0.974334524302 -0.119029843304 -0.620908910897
524 -77639.2319701 -59587.2496313 -305980.547326
525 0.764169732934 0.587000321457 0.670259488907
526 0.616485749196 0.674019765921 0.854424421573
527 0.616423724054 0.681654629274 0.86162634765
528 0.632262513598 0.68725979249 0.865543361013
529 0.355809916458 0.566378039055 0.600200798568
530 0.709631917829 1.53232316584 2.44456373394
531 0.754351403423 1.55948672977 2.54009527334
532 1.04183807217 0.0666328273142 -0.184095552228
533 0.819062564993 0.635653539921 0.784604113282
534 0.0946424550391 0.616409214448 0.671148812244
535 0.274300402959 0.628203460737 0.665752255364
536 0.296823946536 0.607293155 0.660953526739
537 1.19961252965 0.811569266073 1.15118124082
538 0.224007940105 0.27184204419 0.0203197887023
539 0.630148507254 0.0200152671591 -0.412359713753
540 0.660878794345 0.657102751323 0.851470431115
541 0.0342151157906 0.299443213917 0.125208082534
542 0.297112924312 0.617198368812 0.685753637204
543 0.307726425022 0.622234450888 0.682416450675
544 0.406044072749 0.21587667927 0.0171005261902
545 0.738444722797 1.58593468342 2.58320748825
546 0.83468542022 0.449269402657 0.465227453962
547 0.583011306775 0.636867918545 0.634992002648
548 0.744863012665 1.58784439577 2.58816879127
549 0.422554261359 -0.488682378753 -1.32176403107
550 1.05551573116 0.293133763163 0.212273883883
551 0.70220572974 0.708453757251 0.893967706216
552 0.747215559888 0.328574928324 -1.16317631469
