9.483890145930323756e-01 -6.493515090191069594e-02 1.658848670673860326e+00
1.090308378602511397e+00 1.783077886745955409e-01 1.600489503330120966e+00
1.230964360210324182e+00 4.454380289781629809e-01 1.585162043540360610e+00
1.275628541268240213e+00 5.801050991695081427e-01 1.583868650708290637e+00
1.470534336705299872e+00 8.792007503929908374e-01 1.534459095947908303e+00
1.545017276829196984e+00 9.555959969173185575e-01 1.562524686901227033e+00
1.743879296491520625e+00 1.203465997761661299e+00 1.546503775054799634e+00
1.902335789421850443e+00 1.270052754629272362e+00 1.596410708096545061e+00
2.006914729888961801e+00 1.638703859809865993e+00 1.506793118762515205e+00
2.185318072725947136e+00 1.828307888214463217e+00 1.566882572450014166e+00
2.205363211227903353e+00 2.140324388218752816e+00 1.766534938355108553e+00
2.223949632082823591e+00 2.227904087646636722e+00 1.647838655507134931e+00
2.408449148897851444e+00 2.425485474936862840e+00 1.751321980586001192e+00
2.555089002227082240e+00 2.598695696381717823e+00 1.767112193424966948e+00
2.591319519699574414e+00 2.846941860125540735e+00 1.842697693062908870e+00
2.634469993331210347e+00 3.163575902506209570e+00 1.752604000055298261e+00
2.591315321577634556e+00 3.379544591540833753e+00 1.781478661861336965e+00
2.716865062463959202e+00 3.532707498627295717e+00 1.769512277954466972e+00
2.827159161447446944e+00 3.854969375837581147e+00 1.874864120439332149e+00
3.068155157390242138e+00 4.078281995244004143e+00 1.875718381428715720e+00
3.241202831712756360e+00 4.224104105889349370e+00 1.880206435988264202e+00
3.289660746209194020e+00 4.500211701910152406e+00 1.916002093352789482e+00
3.367934500900831907e+00 4.754108404479492123e+00 1.904398830357036498e+00
3.506568318169266618e+00 4.944435903465778992e+00 1.994327687252156034e+00
3.622712882379718558e+00 5.021711483947031596e+00 2.042623070912056971e+00
3.706121071273591916e+00 5.255298605634792786e+00 1.924139518816508687e+00
3.827095980447536405e+00 5.479714991043548089e+00 1.988612101344676253e+00
3.908911842266331149e+00 5.689585700072956165e+00 2.056792019199292554e+00
4.034739601828400524e+00 5.775958687024723481e+00 2.059362539292532102e+00
4.243804380911555540e+00 5.933923054547681097e+00 2.024498588519886511e+00
4.384912704331256350e+00 6.108069192080786358e+00 2.009910840196095450e+00
4.471354599333450253e+00 6.326729244906856842e+00 2.106068000388606531e+00
4.578583318052531936e+00 6.610276059339597943e+00 2.161832109333344132e+00
4.764980050887210439e+00 6.901651587543783606e+00 2.187623095004894935e+00
4.812599433778365743e+00 7.064506669396097394e+00 2.168241916024403970e+00
4.906483844599096145e+00 7.426485412393036611e+00 2.133973357596446352e+00
5.107264079712303229e+00 7.462534535378557266e+00 2.243997783092062104e+00
5.134886790911841636e+00 7.799251682618366210e+00 2.287342703929894139e+00
5.146477609727064362e+00 7.898041722692278555e+00 2.208768109207774000e+00
5.228575690673682885e+00 7.992466856755358506e+00 2.349714504607182786e+00
5.360707895088299146e+00 8.277376531013747041e+00 2.345304920353396660e+00
5.399254964401266399e+00 8.507013722003433642e+00 2.287161008545420593e+00
5.574926166082203594e+00 8.633059828164586946e+00 2.270774863545336419e+00
5.682623440010610594e+00 8.919225257312094257e+00 2.322541721042607588e+00
5.728352484148730106e+00 9.089865475094869751e+00 2.251401605532046712e+00
5.884966882483538164e+00 9.288221230563602049e+00 2.292148292391862352e+00
5.801871383876252786e+00 9.488697746807178035e+00 2.300493144297637738e+00
5.885867800551238815e+00 9.638277184696169897e+00 2.372025509189868764e+00
6.076017902124815073e+00 9.888451709492132480e+00 2.496013531981408295e+00
6.119851784397763339e+00 1.000137813301582490e+01 2.420523761043408939e+00
6.311796370065565931e+00 1.028641733685078208e+01 2.595828365757326228e+00
6.253328165816980366e+00 1.051671397987083800e+01 2.443355693760331793e+00
6.490774389294042379e+00 1.080844336099327663e+01 2.552072952660711547e+00
6.604793278364851972e+00 1.079090989071093354e+01 2.492981711250057408e+00
6.674680154742620886e+00 1.102108805796440549e+01 2.612408598659204717e+00
6.873354419550934402e+00 1.136949277597003061e+01 2.578616179117553031e+00
6.868736757233863344e+00 1.138659737030308960e+01 2.683226939995412064e+00
6.864726030333726747e+00 1.151059281343089857e+01 2.692876234464368412e+00
6.855810282131791666e+00 1.180213879222927176e+01 2.771904059612873006e+00
7.030446621325198819e+00 1.200173624869827549e+01 2.796233285317224926e+00
7.107935822946415350e+00 1.219413543981272952e+01 2.718677535864935990e+00
7.186592111524068294e+00 1.242215857775808985e+01 2.718620470033147107e+00
7.399759964557271807e+00 1.250820040560619084e+01 2.802560710368874997e+00
7.373582416575137799e+00 1.275034223838017589e+01 2.813483048780638374e+00
7.396934754338055029e+00 1.312237473171773594e+01 2.770410007891829895e+00
7.558191013678422721e+00 1.323594920892749904e+01 2.815269771274300670e+00
7.550612874067086366e+00 1.350252182151518276e+01 2.833153652698352509e+00
7.599422548565352820e+00 1.373462460983827249e+01 2.845659461169421700e+00
7.840301997108683807e+00 1.383942843661210986e+01 2.920257548705299744e+00
7.855777476963989869e+00 1.409677223118391076e+01 2.917365814848135397e+00
7.947139081529330795e+00 1.421062472765767914e+01 2.911182655276942643e+00
7.973101725275569152e+00 1.448456266276647142e+01 2.932393469782622830e+00
8.090889825857464857e+00 1.468433454629148649e+01 2.987269436145121304e+00
8.165836550749181910e+00 1.500404591678692690e+01 3.011331358536053493e+00
8.355126283655124553e+00 1.517612612552224682e+01 3.091374522438162575e+00
8.576220165571657006e+00 1.525640668883005269e+01 2.975021848948458558e+00
8.653370661080455051e+00 1.549575676890012055e+01 3.009548457042757974e+00
8.788304710131958686e+00 1.572303276831035390e+01 3.128360117765815129e+00
8.953463784742682563e+00 1.582418506665066538e+01 3.095953763555655769e+00
9.034348814089158353e+00 1.590263873168558995e+01 3.153346827343538994e+00
9.172430741067673310e+00 1.608465962289476181e+01 3.192082501318742604e+00
9.225562922100406738e+00 1.644809245717022250e+01 3.221637802635192394e+00
9.363536489004522068e+00 1.651879267072304458e+01 3.128532370205047819e+00
9.439124948203858168e+00 1.667032269660750288e+01 3.187380128885223929e+00
9.587429090353889904e+00 1.685399979842680196e+01 3.183095498927162037e+00
9.684925774611444993e+00 1.699411006848731631e+01 3.304621413147593056e+00
9.784390190100427986e+00 1.744103664313772839e+01 3.397154320291114082e+00
9.917944694690900675e+00 1.764482027494185346e+01 3.298653158172087263e+00
9.949008404914915005e+00 1.773337312123520348e+01 3.444738658066892167e+00
1.016037060169999329e+01 1.793049658461628937e+01 3.379085293113185173e+00
1.012986887785165280e+01 1.800898636898434901e+01 3.320850922256071591e+00
1.046575340689663136e+01 1.827961872418570977e+01 3.404129212192561482e+00
1.029894128188324309e+01 1.848593081824481388e+01 3.573954580130269676e+00
1.042578400925576609e+01 1.886273271031438270e+01 3.516226765165189949e+00
1.061587002087083853e+01 1.902680176545878155e+01 3.468770342458681988e+00
1.079099542064773942e+01 1.926912118190419321e+01 3.476484748517638668e+00
1.079884668933737046e+01 1.947821698328529294e+01 3.544815086916743851e+00
1.091772601080129590e+01 1.980950102482327679e+01 3.600024530994866634e+00
1.107503015703529137e+01 2.003476990018582882e+01 3.473381552668693306e+00
1.116549879769159048e+01 2.029296563435730150e+01 3.624639556756290126e+00
1.131939740971251140e+01 2.037537182094456156e+01 3.591241397777644284e+00
1.134996275214906980e+01 2.047611814307762401e+01 3.732330530861704521e+00
1.140094030612170606e+01 2.054659261057276964e+01 3.625603505143427441e+00
1.175755891992458047e+01 2.086049155796456844e+01 3.616825748118231765e+00
1.186802272194741370e+01 2.119894132387435448e+01 3.636441823221650882e+00
1.192350832586828169e+01 2.127104092100389465e+01 3.711257972641088809e+00
1.191768691320856099e+01 2.145334531659657529e+01 3.662632144841606152e+00
1.199060097296112914e+01 2.186542284695534732e+01 3.719914718803536857e+00
1.216495719187516045e+01 2.195873424094388326e+01 3.785284876833054479e+00
1.233486477292067285e+01 2.219164560363167737e+01 3.836996809513709916e+00
1.236748622441455936e+01 2.236328128666784210e+01 3.837369230975699708e+00
1.251110593373901736e+01 2.258171028683159420e+01 3.836430462370743033e+00
1.245902203751736259e+01 2.276305807211952725e+01 3.794990657434583081e+00
1.262193732211197528e+01 2.298082762761283959e+01 3.776149260857206702e+00
1.267980878063823447e+01 2.330113684421462850e+01 3.811363750740450751e+00
1.282348395135145402e+01 2.349665724160895408e+01 3.749526259636145831e+00
1.302042831735425565e+01 2.356716597207072539e+01 3.895276807647014561e+00
1.314029587712390068e+01 2.372249709435990184e+01 3.863685673184217073e+00
1.314976664984733823e+01 2.399931396868912259e+01 3.846268867669006664e+00
1.329639500122157969e+01 2.420167679757537726e+01 3.900482633010787570e+00
1.336211856715270940e+01 2.435884739261178922e+01 3.911400550771945372e+00
1.358454772125420895e+01 2.471591601297934204e+01 3.997939787646916709e+00
1.365586981495697572e+01 2.490426407537627540e+01 3.908762199214797839e+00
1.382140062599862418e+01 2.513808551079280207e+01 3.957994301323128905e+00
1.394869708146449483e+01 2.535204388096922656e+01 4.014063147606386828e+00
1.396509497137458666e+01 2.562943335628654040e+01 4.023935841649572964e+00
1.412504393931157232e+01 2.582412775634873725e+01 4.098108231743909258e+00
1.433248570907448283e+01 2.602991731582384816e+01 4.057335314679920479e+00
1.442031503610945542e+01 2.605504979138123645e+01 4.109333380366380517e+00
1.455585872592226160e+01 2.633326193698925266e+01 3.995620101289766968e+00
1.457075154902290137e+01 2.654518620707853316e+01 4.051066199379254940e+00
1.479359584601031230e+01 2.663750128504637971e+01 4.080314711239077852e+00
1.502687062398428886e+01 2.687786335758524814e+01 4.139858820711281417e+00
1.517002221300388598e+01 2.711122406151897124e+01 4.171108593557527833e+00
1.507674009720383168e+01 2.728148400538028895e+01 4.218101271647556771e+00
1.532606420283225646e+01 2.740887196085082778e+01 4.155122622581243874e+00
1.541443906994950908e+01 2.764036050263215927e+01 4.134767175075512391e+00
1.551240690045799830e+01 2.779990938154872282e+01 4.162146996921417319e+00
1.558371770427261715e+01 2.806705358965945152e+01 4.192051929245250719e+00
1.569542785465593937e+01 2.822819112002998665e+01 4.237201496466416195e+00
1.584480815794436559e+01 2.844485913358129991e+01 4.292042847741322831e+00
1.597597178481168534e+01 2.869139417074090659e+01 4.280237288806828744e+00
1.607979535898156342e+01 2.892378048203947216e+01 4.290567034069101560e+00
1.615742362371107177e+01 2.910259138864475759e+01 4.395466105959126679e+00
1.626391081644484871e+01 2.932620920245058116e+01 4.370875784921636864e+00
1.635886320253511172e+01 2.947818304895333341e+01 4.489192405857129309e+00
1.647230179873891487e+01 2.961352224977990844e+01 4.482253522277572344e+00
1.659272501223123797e+01 2.996369137630506785e+01 4.451274418698126567e+00
1.666051084725631526e+01 3.020462416354959245e+01 4.378355871417138445e+00
1.688640052587095752e+01 3.051067400746240921e+01 4.466374779986649557e+00
1.694190979102459949e+01 3.069603594360636833e+01 4.512356423422212437e+00
1.715519045201413206e+01 3.087251241300402071e+01 4.555701009658727152e+00
1.720360233452867504e+01 3.110014713058160041e+01 4.471841517157685963e+00
1.743699366163193076e+01 3.130815820364511382e+01 4.487104369038913632e+00
1.748135207307927175e+01 3.138855614255015780e+01 4.507241314848679181e+00
1.755245136369134684e+01 3.162132561863481683e+01 4.425455423830017665e+00
1.757726917306612080e+01 3.171554110459469200e+01 4.643452701565566443e+00
1.775682263738116973e+01 3.212454192647640383e+01 4.610489428547152713e+00
1.780914404114846761e+01 3.224131754054218391e+01 4.645671226241951501e+00
1.774678164523979618e+01 3.255833344401251850e+01 4.624606728171090531e+00
1.790173923835871861e+01 3.262326832407715216e+01 4.796968364095115511e+00
1.797018530561573257e+01 3.285374600095754261e+01 4.661380265883464880e+00
1.805967854968550057e+01 3.309968362898415961e+01 4.560193725266445064e+00
1.815701876731517217e+01 3.329078570324335118e+01 4.702578404619464081e+00
1.843347564677553763e+01 3.350278226491795408e+01 4.749488543733552781e+00
1.844979118461900924e+01 3.365894904233927321e+01 4.757863703736961547e+00
1.862462853091737003e+01 3.391041158776739195e+01 4.747650413446026896e+00
1.867730342675790212e+01 3.406580884519930663e+01 4.701227259754197974e+00
1.869915585066695130e+01 3.418654889794792240e+01 4.785534508794262898e+00
1.875014542538732343e+01 3.445540836338872026e+01 4.863178236518989728e+00
1.884935122873447355e+01 3.456722541884272459e+01 4.876059384881370917e+00
1.898272729793055191e+01 3.470437782544860283e+01 4.733736478083879540e+00
1.918096775892782802e+01 3.486121200825954247e+01 4.762204362898320831e+00
1.916386940478792411e+01 3.517280483803829583e+01 4.915720161816388156e+00
1.926225553334030849e+01 3.530395568923275107e+01 4.908691673413086320e+00
1.943008803621345848e+01 3.555619093377793405e+01 4.900062418679932641e+00
1.947350628902438885e+01 3.575223295572877191e+01 4.890900326223588834e+00
1.972703876917827159e+01 3.602273330371458826e+01 4.971839141445455468e+00
1.972125676594534127e+01 3.622335650131881835e+01 4.865900630883957412e+00
1.977921216226874179e+01 3.638771580812075257e+01 5.024171689960904352e+00
1.996133306302849064e+01 3.659674808170269955e+01 4.975341883658501274e+00
2.005838530168551870e+01 3.672943724772007812e+01 5.002648913995218827e+00
2.024661093368999332e+01 3.703506317328782416e+01 5.005926006775569093e+00
2.024035310275937505e+01 3.731206153347159216e+01 5.010442099172082386e+00
2.022685184834595873e+01 3.750493808670852758e+01 5.005429519797806925e+00
2.044454349582921537e+01 3.783112140401150469e+01 5.004480092954620041e+00
2.048428467283281051e+01 3.792282156651281610e+01 4.968998408731971850e+00
2.044039904442851707e+01 3.821371650534391762e+01 5.033894858334375222e+00
2.053109018662824781e+01 3.822655020721126817e+01 5.121964990884658953e+00
2.068620185365307407e+01 3.848742960032498672e+01 5.109125369223140645e+00
2.069307745901609152e+01 3.869386951053210311e+01 5.147649018946363952e+00
2.077041875731495679e+01 3.892907221927244876e+01 5.101392901980286609e+00
2.093227372673553788e+01 3.902797577802371620e+01 5.147331142030773243e+00
2.090312144623218771e+01 3.920224884509350716e+01 5.078492000931405848e+00
2.098317035486805082e+01 3.939646163451487837e+01 5.265671980382689021e+00
2.105759741011658548e+01 3.958924454222236022e+01 5.292319935979552525e+00
2.114858062490384683e+01 3.976621046036346740e+01 5.243930632147840498e+00
2.122022865197992303e+01 3.996649019767863109e+01 5.196361111610083405e+00
2.131250670938587177e+01 4.014039668609588318e+01 5.279688170190627972e+00
2.143123604988669584e+01 4.024884777218684917e+01 5.326479193411488566e+00
2.150843385699678478e+01 4.061746369328196948e+01 5.207540535052888053e+00
2.171367440359714962e+01 4.079652898916975801e+01 5.228972524385903320e+00
2.185414959302055848e+01 4.093743115493236928e+01 5.295693339704397928e+00
2.187125674952525145e+01 4.114800596187352255e+01 5.248053631164866673e+00
2.200363320396764522e+01 4.132954327713188292e+01 5.373570375772282581e+00
2.209049640370748691e+01 4.151553917322716103e+01 5.356296101256698527e+00
2.232298198499794495e+01 4.177334547057467518e+01 5.354336454315904881e+00
2.242308760653081734e+01 4.194229556950319449e+01 5.351842146525918942e+00
2.243704113212847773e+01 4.217395668847813539e+01 5.313842393196502201e+00
2.257656843079911013e+01 4.234015136337193042e+01 5.384134513620907114e+00
2.251666239684373849e+01 4.260196667038041340e+01 5.321984657069540603e+00
2.259753753293996681e+01 4.283595630454394154e+01 5.366410016467245470e+00
2.279181945663145825e+01 4.291633633183833041e+01 5.375453184965531150e+00
2.294813064112625156e+01 4.326367474553964598e+01 5.308961296629799875e+00
2.296163780728126014e+01 4.331737165698497449e+01 5.342857557444983918e+00
2.301795588904144907e+01 4.340713957718931226e+01 5.360204762424229052e+00
2.309174492658132749e+01 4.379426918923027756e+01 5.415814016894215044e+00
2.310048433412755742e+01 4.391880532033463425e+01 5.469282819930895378e+00
2.325467665721183863e+01 4.424344084107106312e+01 5.489993432519148620e+00
2.340159500894628408e+01 4.443906683719990269e+01 5.456539282221160470e+00
2.358441506476755478e+01 4.480095011002470784e+01 5.537764361342524921e+00
2.353423597817551993e+01 4.489990626857316869e+01 5.545732342171072915e+00
2.366812528324682674e+01 4.514510892020327759e+01 5.607112565044420904e+00
2.380457036923875336e+01 4.527615100034702067e+01 5.669016278129554998e+00
2.382743797365420946e+01 4.554176070778009233e+01 5.693819532009880113e+00
2.403896656409391852e+01 4.569667616690734491e+01 5.682320336472941769e+00
2.409234795272568519e+01 4.600548682571414361e+01 5.867708823914701277e+00
2.425412722293698664e+01 4.623720636070476786e+01 5.785067527010843591e+00
2.431915430301716086e+01 4.638512172247439480e+01 5.839702795823020764e+00
2.430803977289543383e+01 4.650715603942485643e+01 5.840525716404536993e+00
2.437340808177159701e+01 4.667020688113828442e+01 5.965472767474693683e+00
2.444674588814058325e+01 4.694369701612765056e+01 6.038836075166780226e+00
2.460376033432281417e+01 4.696935745102650372e+01 5.905915527586155456e+00
2.482537804948486482e+01 4.729163839929046276e+01 5.915777345481353144e+00
2.474718062064574298e+01 4.749384092254469181e+01 5.994821136415009910e+00
2.492697219202656100e+01 4.773815107479340014e+01 6.022971733365352520e+00
2.502695228645192671e+01 4.794855135985118721e+01 5.929047130470694427e+00
2.509744052697241301e+01 4.808422419009644244e+01 5.997325203636724389e+00
2.514736841518880084e+01 4.837226517973522277e+01 5.955185675461740935e+00
2.523625529522945854e+01 4.846546926846711045e+01 5.970237466064436838e+00
2.540417460171340736e+01 4.860528719356155847e+01 6.053208592882644012e+00
2.540608491582378647e+01 4.882130410069837012e+01 6.044572429659122115e+00
2.562426850244782273e+01 4.903635350065652432e+01 6.068410290156870168e+00
2.585138846582658090e+01 4.931687338717338065e+01 6.145432601381637383e+00
2.600707240712626955e+01 4.942003225222499196e+01 6.118613933889155199e+00
2.597098331846577324e+01 4.967158563137733296e+01 6.063639982752168756e+00
2.594658098824716319e+01 4.988656398249249690e+01 5.997790820867241912e+00
2.604364312244769053e+01 5.002199838226258066e+01 6.142103201175350691e+00
2.615500501893810892e+01 5.002624904358273028e+01 6.079600289763036791e+00
2.622647303446909817e+01 5.037815505543223082e+01 6.168062221405677725e+00
2.639431084069968136e+01 5.055846105280944869e+01 6.200491890195733546e+00
2.648851076229840729e+01 5.065819160508420538e+01 6.197999117731572305e+00
2.661767067135844655e+01 5.104684806804539932e+01 6.204606811157026058e+00
2.662886535530245524e+01 5.126987615838994827e+01 6.268926677512545176e+00
2.681400746457440576e+01 5.146957452537151312e+01 6.337573482767179023e+00
2.692280165751240162e+01 5.156187464223309291e+01 6.238373652829691807e+00
2.695627003081379414e+01 5.186205810690981366e+01 6.274151029976279048e+00
2.717492268329262828e+01 5.192520515984354290e+01 6.254913118241681502e+00
2.737258786924490650e+01 5.211720712769854202e+01 6.308235763418247544e+00
2.732623203072848028e+01 5.223096411350469737e+01 6.180166676073329590e+00
2.745073828741067956e+01 5.236842986254879406e+01 6.254910061457169768e+00
2.769482264791453474e+01 5.265003487701206097e+01 6.276555242461221873e+00
2.788557236471065437e+01 5.266623712909071031e+01 6.400478678882348227e+00
2.796958429085400155e+01 5.288131325543795924e+01 6.392938713131055550e+00
2.800215552919624429e+01 5.328199774860311067e+01 6.462869701914884857e+00
2.825165292918687854e+01 5.329763262179314864e+01 6.494166148668201188e+00
2.804919663097682658e+01 5.355170210061507419e+01 6.660479979801786854e+00
2.828504971518223243e+01 5.386233628495944714e+01 6.485440509853700242e+00
2.835219105816246810e+01 5.399121866306331441e+01 6.546220728137207345e+00
2.848677835573323236e+01 5.417865858811367019e+01 6.564311655984734983e+00
2.857386114086094864e+01 5.432709189458027765e+01 6.497043449494922740e+00
2.873091381303763114e+01 5.459298886791356864e+01 6.612365684935547883e+00
2.871418362533923485e+01 5.485897908115958188e+01 6.678959873252064305e+00
2.884247784146211657e+01 5.494003066658984125e+01 6.626474843549408078e+00
2.886011584467424740e+01 5.506867981451139116e+01 6.651951715908741569e+00
2.910193314165513101e+01 5.534622929500483934e+01 6.628091203312646229e+00
2.912477315268355937e+01 5.541491726776345672e+01 6.587348536552952716e+00
2.922315550795515549e+01 5.569829096749795383e+01 6.623391281426997068e+00
2.926354710219375477e+01 5.597716002936635959e+01 6.710184594828319860e+00
2.936057229864620766e+01 5.626298326681082784e+01 6.694189060020844906e+00
2.945131713742599899e+01 5.630053103215593779e+01 6.801447833994004100e+00
2.964845159760062998e+01 5.657424117913952699e+01 6.665020245114331665e+00
2.964878078389443417e+01 5.679766870908323995e+01 6.794289919036839542e+00
2.978610507528247098e+01 5.710047258035908868e+01 6.798885867033732211e+00
2.978700324644785624e+01 5.708436553030293936e+01 6.851390131611759138e+00
2.995959080974445854e+01 5.728416512969215546e+01 6.861619542806281835e+00
3.007928936517590301e+01 5.746548626765326162e+01 6.841270307080278279e+00
3.009668132637638749e+01 5.769367546013862835e+01 6.890357128457589297e+00
3.012184698669451066e+01 5.780091125119457018e+01 6.942720063879573189e+00
3.030939065698318302e+01 5.809021091969825790e+01 6.915600135847067342e+00
3.050126095707554441e+01 5.819632145874914642e+01 7.070750522038959929e+00
3.039220436741333842e+01 5.831203418079024914e+01 6.920127889300562885e+00
3.068562996056324010e+01 5.855254849887261059e+01 7.085964025072169825e+00
3.071992505673935625e+01 5.870200944846378377e+01 7.074690348892032077e+00
3.072707759313453124e+01 5.894075408176328779e+01 7.132453002103485318e+00
3.081126605479310143e+01 5.917357436353624678e+01 7.138657889993027084e+00
3.095686815349522547e+01 5.931318375318952718e+01 7.123395041758730173e+00
3.106051210902425552e+01 5.957591893788071502e+01 7.157065982127718939e+00
3.122079026340934149e+01 5.979867286035077001e+01 7.220354787279840814e+00
3.121677868404522371e+01 5.992960480523805700e+01 7.240539414152738829e+00
3.134249001547527413e+01 6.024045391703205610e+01 7.231656142328682257e+00
3.138015780059307147e+01 6.045673710284570035e+01 7.211377754393254236e+00
3.139780385103433602e+01 6.073986192578970389e+01 7.174426450378900810e+00
3.144351424458021071e+01 6.080227783154176535e+01 7.244697133122291355e+00
3.143825728273911935e+01 6.096898277716760361e+01 7.313126544423599107e+00
3.153498107869783595e+01 6.115380038777209393e+01 7.309733922336320688e+00
3.162976432536085269e+01 6.129862561000530263e+01 7.357326172256803076e+00
3.175523977904808248e+01 6.153251535308209696e+01 7.372024969866675548e+00
3.185712260550048569e+01 6.170604070921078232e+01 7.303170729434271813e+00
3.186599828506425425e+01 6.190167125250911084e+01 7.346165943860824221e+00
3.204293782476583630e+01 6.221620649096789180e+01 7.371919732835896966e+00
3.214983090026651524e+01 6.237398154009945728e+01 7.461136252128561352e+00
3.223138331099800524e+01 6.263658360786759260e+01 7.553551421964532331e+00
3.230189078071846609e+01 6.277692200944152034e+01 7.536306014669205133e+00
3.263485242017110721e+01 6.298171412947049674e+01 7.522674193336610138e+00
