-1.040631021689465349e-02 9.646170742457799152e-01 1.563587614187325059e+00
-1.212604736827268687e-01 1.029852606686432193e+00 1.550354575881758956e+00
2.659104445831526886e-03 9.841543086985922173e-01 1.583234692627050411e+00
-5.678032219469875130e-02 9.483831253617172052e-01 1.550504357889864293e+00
-1.044601897468416529e-01 9.634649858266414180e-01 1.642776338128755897e+00
-3.452137775428897742e-02 1.003103462996094875e+00 1.687719361102222093e+00
-1.607405749363554071e-01 9.633156383672978329e-01 1.666643727438320122e+00
-2.943656254725753041e-02 8.321941970432451541e-01 1.686066208746566319e+00
-1.268778333615860066e-01 9.333674471829709329e-01 1.654766660768713926e+00
-1.130686552635065123e-01 1.083007846179200984e+00 1.736438942405070796e+00
-1.724618631322700768e-01 8.949161883095660963e-01 1.727996437382451900e+00
-1.787018086977609499e-01 1.056093676646246537e+00 1.780795942274093324e+00
-1.262499445116780084e-01 9.604519065938751377e-01 1.807921799044472033e+00
-2.252020644201624955e-01 9.092506912062037205e-01 1.799113663099718208e+00
-1.959796113119509631e-01 9.475299606774285621e-01 1.814426578470550888e+00
-2.573447054858907235e-01 9.342079854908789116e-01 1.836702226157614248e+00
-3.148178767893119456e-01 8.188698502634523813e-01 1.822429539493910289e+00
-3.325884118899923858e-01 9.152276596934926234e-01 1.919892746428775832e+00
-2.944189756999756047e-01 8.567181019999010605e-01 1.826085467579640076e+00
-4.012129099938905874e-01 9.525432997232728960e-01 1.873035230910772730e+00
-3.555824723973450840e-01 9.727943731306198938e-01 1.909854480269946420e+00
-3.517820703289858963e-01 9.135151890343173875e-01 1.998671482987113057e+00
-3.260054108839982590e-01 9.520072920090693058e-01 1.957332622603802585e+00
-3.604768040145114871e-01 8.310352044236382074e-01 1.970094553408591631e+00
-3.881430021316643053e-01 9.944308726468505943e-01 2.011691420771535288e+00
-4.450997357126240672e-01 1.008344659805668231e+00 2.045039105612157293e+00
-4.864088216509031004e-01 9.062498318955521937e-01 1.972068110452439793e+00
-4.786131859058010973e-01 8.843705655221127948e-01 2.054844797221266006e+00
-4.006234410934891854e-01 8.779173983613822729e-01 2.060436926227247056e+00
-4.814438058132024523e-01 9.179072809793660248e-01 2.112174779797300950e+00
-4.959781738091877945e-01 8.532749734665108221e-01 2.046047007353995806e+00
-6.098219500376380608e-01 8.458658442188539128e-01 2.164418376638291175e+00
-5.102468625639298150e-01 8.297751895739202688e-01 2.102810155208183041e+00
-6.099780726912358286e-01 8.548894329301518491e-01 2.162121433969246720e+00
-4.800035588737274761e-01 7.542226913306568914e-01 2.174713186819042576e+00
-4.763381214067432534e-01 8.101353263235498980e-01 2.203011959825694088e+00
-5.299441100839004104e-01 8.545424271023616125e-01 2.180617461185405670e+00
-5.410192222298437770e-01 6.763975003305133793e-01 2.210937558776063128e+00
-5.846528061040993096e-01 7.877512520204167368e-01 2.229515524827302642e+00
-6.342768244287125823e-01 8.194953018135324729e-01 2.230126219415134781e+00
-6.084267464869006492e-01 7.446495038682287015e-01 2.295373140879332308e+00
-6.508380706405505478e-01 6.919493580564859414e-01 2.294130961990169748e+00
-7.017263749388873428e-01 6.353755233794703416e-01 2.294459403889977711e+00
-7.521163643497186246e-01 7.382882615958281658e-01 2.320498602672614208e+00
-6.953017619670619487e-01 7.411190305836531378e-01 2.333323757878174032e+00
-6.996804044546971468e-01 7.567438813352469484e-01 2.320803449008231656e+00
-6.091911472554414342e-01 6.820540577343007227e-01 2.391422796659364636e+00
-8.363275543196633244e-01 7.030267545441080124e-01 2.433163423977767081e+00
-8.098369883669893632e-01 7.329992254473023383e-01 2.421170222088977475e+00
-7.604867839660111040e-01 6.382953829690022340e-01 2.386438882858755495e+00
-7.488161146053282646e-01 5.565371789666005986e-01 2.433814060061677331e+00
-8.312874086262799223e-01 5.983352114186383242e-01 2.485271504943786791e+00
-7.855011537634704055e-01 5.967198925640077034e-01 2.482427205754807353e+00
-7.537192477816005987e-01 6.262877371206466703e-01 2.535986582804782064e+00
-8.548485975179213048e-01 6.062566588642724907e-01 2.536328357787494880e+00
-7.514549003645593084e-01 4.991558913210946691e-01 2.501580714633380609e+00
-8.192392377413152404e-01 6.444757319590102007e-01 2.524155546023346908e+00
-8.018694666952383976e-01 4.929477483550023797e-01 2.574538543606682328e+00
-9.223631765799986670e-01 5.259187586402718217e-01 2.611181360354255077e+00
-8.208060553313804020e-01 4.438452001478312980e-01 2.605836858145151869e+00
-8.510237615401706757e-01 5.496448054086692236e-01 2.603461306840173517e+00
-8.847598289720299825e-01 5.014423329620616432e-01 2.606979522012151662e+00
-9.360045404307401062e-01 3.246410349461459344e-01 2.665658436629167571e+00
-9.094614707525326969e-01 4.832420249630100528e-01 2.720677490936309617e+00
-9.759007582030340133e-01 2.737069523604539478e-01 2.641873631589289229e+00
-9.426209941568267636e-01 3.454191606672278314e-01 2.697994089161853459e+00
-9.942996025862550491e-01 4.764342942965248406e-01 2.727383039879329729e+00
-9.329814392429147674e-01 3.684648914698497313e-01 2.715291441101576719e+00
-9.216612614120959224e-01 3.618176887219631821e-01 2.712376217112697940e+00
-9.638659870317354272e-01 3.426088347896544817e-01 2.728796747928300626e+00
-7.750450420929357875e-01 3.392761809945495921e-01 2.776864827779907952e+00
-1.007122507760119579e+00 2.935670091499584800e-01 2.819447108819568726e+00
-8.620762026472938988e-01 1.499049505693731410e-01 2.867850960990702358e+00
-9.112334092087804871e-01 3.271218038289638308e-01 2.868808440275829597e+00
-9.545069166951039019e-01 2.364412836351689751e-01 2.834608028265070523e+00
-1.014605801687443742e+00 2.109805565236623215e-01 2.911892620912012397e+00
-9.750706182856089255e-01 2.788247851585030634e-01 2.937888923147851994e+00
-1.008452188683210293e+00 2.076275903183233129e-01 2.907707819608855271e+00
-9.825903840973486680e-01 2.587226522083150848e-01 2.939388360207908946e+00
-9.267328296815652289e-01 2.261235011609096790e-01 2.988780242692270495e+00
-1.022182936659823849e+00 1.657735334064535937e-01 3.026014162064975643e+00
-1.017894870829304743e+00 2.007449205659469771e-01 2.939285965958296387e+00
-9.258033880458456100e-01 1.956405028478099550e-01 3.044921067552782912e+00
-9.464428954742986067e-01 1.224736092718001768e-01 3.045931524628393117e+00
-1.032828335413101595e+00 1.713216929257675158e-01 2.977246622773314755e+00
-9.606810782963872697e-01 9.647598650744479420e-02 3.030648405278640212e+00
-9.418970488663509499e-01 1.564940118555562809e-01 3.055788994080230747e+00
-9.756055875559006552e-01 1.240301934148595187e-01 3.091133724019533346e+00
-1.034756599438758862e+00 5.181327716129013883e-02 3.138036065569828281e+00
-9.600673545061625402e-01 2.897040656011818510e-02 3.117789696923206844e+00
-9.013485481124730025e-01 3.323811115225850515e-02 3.177593126921701039e+00
-1.031477847044167451e+00 1.743299634002236365e-02 3.144959301750160030e+00
-9.337912798612687526e-01 4.448851829957458509e-02 3.133543646897335666e+00
-1.022783152323363698e+00 5.513090162233500596e-02 3.188625705708422853e+00
-9.478965877182168320e-01 -5.528964035637757429e-02 3.245469902697587283e+00
-1.001978292924970315e+00 -5.421811214411934726e-02 3.226591841220961321e+00
-1.046134173604899908e+00 -1.026683684505480393e-01 3.265905481584277403e+00
-9.181347450022641077e-01 -1.005366118964325095e-01 3.225904360994774844e+00
-1.063504794668861608e+00 -2.135410806992550925e-01 3.287243875526887127e+00
-9.693454633815041799e-01 -1.295391457995069828e-01 3.339154712515001844e+00
-9.734494003726086309e-01 -1.048469621924753015e-01 3.344507624795283629e+00
-1.006224412841587368e+00 -1.341589777473614076e-01 3.299931474953856636e+00
-9.733974088723188478e-01 -2.488945955623128037e-01 3.371388714718977830e+00
-9.303302256808595461e-01 -2.324219799826488242e-01 3.442095958552568558e+00
-9.629437133133460502e-01 -2.163746377453235614e-01 3.426486139882212179e+00
-1.068382255560559324e+00 -2.469646871359044149e-01 3.357595572000410922e+00
-9.930923904876990393e-01 -3.721211502848151276e-01 3.421614502901706434e+00
-9.751820786148890363e-01 -2.836515850288098273e-01 3.433644961324626710e+00
-9.665272603814593078e-01 -3.468452757247034168e-01 3.464976066635954588e+00
-9.474358421611063230e-01 -2.973244662716165165e-01 3.483161356613947657e+00
-9.315275759637130504e-01 -3.605349339835441369e-01 3.500805506225280084e+00
-9.761653782616959152e-01 -3.726350237674878052e-01 3.469202762698177622e+00
-9.772764769023785103e-01 -3.529665890803801442e-01 3.556615996060175533e+00
-9.033640829124749416e-01 -3.411076680840294806e-01 3.536057200952372970e+00
-8.088535834775627542e-01 -4.067146821463810125e-01 3.601200497185078842e+00
-9.276366467669768801e-01 -4.363146017095153040e-01 3.615964410905472715e+00
-1.011328589155175761e+00 -4.411860885899846485e-01 3.565457929723947927e+00
-8.587750966235997430e-01 -4.178068979421459272e-01 3.654265850659214276e+00
-8.986032392919811596e-01 -4.887863991878631520e-01 3.597901725832060915e+00
-8.213682478008536014e-01 -5.032181276181032503e-01 3.637211181157039341e+00
-9.175335286515611255e-01 -5.711553861265786791e-01 3.652102953730860246e+00
-8.188719588647402903e-01 -5.399547616706851239e-01 3.631837181257756342e+00
-8.810947555248929142e-01 -4.947030916816081425e-01 3.655605268170644351e+00
-7.992710964106465310e-01 -5.416062568110070474e-01 3.700896977807476951e+00
-8.229432275444747980e-01 -4.928958866643058379e-01 3.724728131118822727e+00
-8.488891183943523266e-01 -5.414692519072128452e-01 3.740567024152667841e+00
-8.707402934721726329e-01 -5.371842574552503358e-01 3.774647647144176776e+00
-8.658244492321484076e-01 -5.666829885296826852e-01 3.837719053582015594e+00
-7.645727297380545684e-01 -5.877625850169384547e-01 3.814658446427857452e+00
-8.175258832966821876e-01 -5.514499016710947554e-01 3.869155619488380271e+00
-7.827432462390195855e-01 -6.875357627554401496e-01 3.844316625172639501e+00
-7.196760495978358207e-01 -5.774235417012303362e-01 3.819994252359032672e+00
-8.459724189890447388e-01 -7.350094449469725122e-01 3.874515641954342726e+00
-8.114792783432929202e-01 -6.815063948364018520e-01 3.891218615424966387e+00
-6.698422759327808951e-01 -6.057035540080238922e-01 3.893561752411535792e+00
-7.596813867198578540e-01 -6.560524671963793297e-01 3.952234456860987510e+00
-6.412991347333082404e-01 -6.970794052218346470e-01 3.976627963045124226e+00
-6.571469320020648652e-01 -8.130042078165401476e-01 3.963303266797465696e+00
-6.234388909634898113e-01 -7.308586359267070787e-01 3.992326652848080304e+00
-7.597909624812804186e-01 -7.992131807802015375e-01 4.040068588975242569e+00
-6.638991147329228459e-01 -7.845211754778484980e-01 4.008336137083985840e+00
-6.493299835746473292e-01 -8.182839897217637493e-01 4.011483259389522438e+00
-5.501124845525773299e-01 -8.363021197397320083e-01 4.102162549505267819e+00
-6.054606189437957697e-01 -7.722217859833959697e-01 4.041148618512940160e+00
-5.258732707668005713e-01 -8.538658614613962028e-01 4.054918795324322645e+00
-6.183574766222295072e-01 -7.919204635973912110e-01 4.111716952175695106e+00
-5.498597408989334134e-01 -8.533689237149807427e-01 4.146893908931653883e+00
-5.367715945760748175e-01 -8.182729531479142615e-01 4.115455808021603268e+00
-5.435586906346886460e-01 -8.436854114055100107e-01 4.185682444849946116e+00
-5.196617692417015988e-01 -8.529962808855927614e-01 4.186647630574369394e+00
-4.056118080644344759e-01 -8.991322095334914888e-01 4.256927781723081949e+00
-4.095716046641579289e-01 -8.363595548893172360e-01 4.225182160042557200e+00
-4.625452386342370215e-01 -9.222671677276274016e-01 4.243910996444034467e+00
-4.897364199869878587e-01 -8.335026309650757081e-01 4.192241105480569274e+00
-4.366248528161812970e-01 -9.008845726324209435e-01 4.253249654765225429e+00
-4.330520580753269844e-01 -9.491101553482192976e-01 4.297648097190979399e+00
-3.976242636744854453e-01 -9.417370201858468182e-01 4.298728545481896646e+00
-3.724134547805061368e-01 -8.322239288283616032e-01 4.332782955022618232e+00
-3.184334517001723430e-01 -9.203443426535558025e-01 4.396397462397187539e+00
-3.811369166970881017e-01 -8.719853499366102545e-01 4.356225094246990892e+00
-2.846372933303283892e-01 -9.013383544208319886e-01 4.388140812853032813e+00
-2.536832100151200087e-01 -9.296973108811485975e-01 4.355228964975572659e+00
-3.808852183916502376e-01 -9.760868975033835104e-01 4.349783217707378746e+00
-2.942689185168527732e-01 -1.001575757716228310e+00 4.361236611521247752e+00
-2.627312577627081702e-01 -1.018906692292698812e+00 4.430531338603725722e+00
-2.782352052155153133e-01 -9.704015973985189447e-01 4.499972529545135380e+00
-2.073623669463974251e-01 -9.937824866638373944e-01 4.502440799211010258e+00
-2.560750160167382106e-01 -9.523880298370261954e-01 4.468788352375566930e+00
-1.688038586233509553e-01 -9.739138839802909953e-01 4.482362046721823923e+00
-2.273232444098983451e-01 -1.020216001486798030e+00 4.503181170335551542e+00
-1.748437519133623497e-01 -1.003489849126399269e+00 4.547336673450575795e+00
-6.065526121265066295e-02 -9.518497264578545947e-01 4.534241260522986039e+00
-1.820105295031568815e-01 -9.294082513961862135e-01 4.603256642452972613e+00
-1.421794855451560258e-01 -9.525640882753905192e-01 4.598071258253395577e+00
-2.084306973470510249e-01 -9.949732083129442239e-01 4.604365474172867678e+00
-1.469250713801174835e-02 -9.744073113293955091e-01 4.626502488026173587e+00
-9.376679221819746168e-02 -8.873987025882104085e-01 4.613125969639422230e+00
-8.711542716385305141e-02 -1.040395361176389866e+00 4.701126154121181067e+00
-8.163126359992173287e-02 -9.226732886968684877e-01 4.744064673279734912e+00
4.707689659520949282e-02 -9.551361591391849259e-01 4.685905813229319428e+00
-6.293354036814614860e-02 -1.067891409433173733e+00 4.703752844032671021e+00
2.006721518701436169e-02 -9.797331431122258127e-01 4.678800683129258786e+00
1.976969906962158796e-02 -1.030091825835139030e+00 4.753684815083516924e+00
-4.991827716822498651e-02 -9.409693661073930127e-01 4.754992367226208216e+00
6.177890146771766039e-02 -9.835457770730344773e-01 4.701641993800639518e+00
6.414922141545825740e-02 -9.980674616053913928e-01 4.776800384801948240e+00
9.676805300207166893e-02 -1.027279121766735859e+00 4.795546241404132992e+00
1.263859982712351171e-01 -9.210017742341830571e-01 4.771202061152231444e+00
1.524358727882498821e-01 -9.585776061400606007e-01 4.849163466914416354e+00
9.735892783917521331e-02 -1.019117203279388484e+00 4.803461038805066252e+00
1.285573935969786807e-01 -9.972996517503540659e-01 4.949341804149455903e+00
2.422823006054903583e-01 -9.985504729094664134e-01 4.905542582108931349e+00
2.751395730210789425e-01 -9.297314086512742382e-01 4.942412626760202876e+00
2.520919626320526907e-01 -9.444646322592925580e-01 4.938927005733418696e+00
2.868690115983749123e-01 -9.576837224703090845e-01 4.922485571426954643e+00
2.896597871273973168e-01 -9.951842239272984392e-01 4.955396812546577934e+00
2.885351235623156985e-01 -1.015327841404934484e+00 5.011510329675701314e+00
2.608558187421816110e-01 -9.987039637009247350e-01 5.044636505879933175e+00
1.730777120974527072e-01 -8.926058643921839231e-01 5.033934774095668807e+00
2.968739888659912007e-01 -8.648196326978419002e-01 5.109117134050814357e+00
3.423459935711898328e-01 -9.379325266060805077e-01 5.049251615875682830e+00
3.711512256830218348e-01 -9.975948329446836516e-01 5.121871789872411540e+00
3.481681313054261206e-01 -1.033029865798817060e+00 5.117757317565191144e+00
3.461624315296885634e-01 -8.969018073536952906e-01 5.126607777655602938e+00
3.378677321929257071e-01 -9.247983836609787733e-01 5.150780762224981046e+00
3.321053180460740162e-01 -9.354816510086619852e-01 5.026498671713926392e+00
3.504047914360100546e-01 -9.165838291050381059e-01 5.161282236843805826e+00
4.346814526274825341e-01 -8.390142883403153284e-01 5.215298791403398582e+00
4.766153865585942007e-01 -8.817197860565271217e-01 5.226345641548205023e+00
5.491097317099938868e-01 -7.808581618246166478e-01 5.245985386932199290e+00
4.835702709567531454e-01 -8.194356645828441144e-01 5.235700761835157202e+00
5.390377741587415450e-01 -8.644970147465680377e-01 5.270938317139879814e+00
6.222696711841865236e-01 -8.197797219787169576e-01 5.261317234447062674e+00
4.772078702484103818e-01 -8.495013014982240040e-01 5.231090387973501343e+00
4.941602173316400615e-01 -8.716757623806240529e-01 5.295771001996572025e+00
5.558736638933271523e-01 -8.827310734638109668e-01 5.305134985286382054e+00
6.046980833105316533e-01 -8.174600212497536988e-01 5.324862483012752001e+00
5.985891743450098001e-01 -7.201894516743422292e-01 5.369082567884107426e+00
7.337359093315224401e-01 -8.493780642391698388e-01 5.342941090505276769e+00
5.866115933217929124e-01 -8.273406545181726246e-01 5.380883036212349424e+00
8.174008675572692617e-01 -7.321832834021325676e-01 5.423522684859192644e+00
6.711198319737989859e-01 -7.011566116701684059e-01 5.431286224653231187e+00
6.798966984041318051e-01 -6.936337133433669866e-01 5.433271409127072182e+00
7.335578886951373834e-01 -6.839533059560247708e-01 5.488702100576106524e+00
6.869571256652963198e-01 -6.913363934402201316e-01 5.499214527050300561e+00
6.482201706952307463e-01 -6.522897234678908251e-01 5.473792006075906436e+00
6.497238959834300553e-01 -7.189858628947130015e-01 5.525607971775254867e+00
7.320954528980853082e-01 -6.423101734490005432e-01 5.591900978111555176e+00
8.139867183438461717e-01 -6.887751956042316159e-01 5.534221763166720542e+00
7.803276695932737095e-01 -6.328878068510856991e-01 5.572855400841170592e+00
7.367380803595484640e-01 -6.614492066669191983e-01 5.527687143582897811e+00
8.156474464019165538e-01 -6.157788590309197785e-01 5.583286660953947766e+00
7.368765552501144178e-01 -6.390819898817685640e-01 5.626142909992885244e+00
8.072700070446564569e-01 -6.029286310801169613e-01 5.640181149434852159e+00
7.725927010170542397e-01 -6.082318064577438843e-01 5.630146777140994985e+00
7.949647214917383575e-01 -5.767027259023033148e-01 5.675996810937069981e+00
9.168454533077334823e-01 -6.325513545818129968e-01 5.652321487778402265e+00
8.163155642530296463e-01 -5.003039449869537414e-01 5.700509961261426284e+00
9.096793683278990850e-01 -5.303870329946535067e-01 5.741593537164673577e+00
8.836591538861706674e-01 -5.114459059855752665e-01 5.752106027799818833e+00
9.433274349920863777e-01 -4.709724416464681762e-01 5.791657262825695263e+00
8.666147202347020961e-01 -4.193180148546318264e-01 5.713840183327055122e+00
8.975014218979142644e-01 -5.121135138840436918e-01 5.797197987012053133e+00
8.892565742353962799e-01 -5.337891199629054562e-01 5.838939014081444334e+00
8.794347285291674865e-01 -4.535248354782698832e-01 5.781196452239660388e+00
9.409257380133424498e-01 -4.588228050870327701e-01 5.855019354675852661e+00
9.398523520234679518e-01 -4.173952720501535874e-01 5.867516622140032112e+00
8.983202424251639506e-01 -4.202585394458512869e-01 5.914193597224071119e+00
9.498574300586615227e-01 -3.688975814472306713e-01 5.859795903193944611e+00
9.183459537663852812e-01 -4.017632996276620516e-01 5.923975718254927969e+00
9.411876641385491515e-01 -3.440726148287933661e-01 5.914234379311036349e+00
9.986533777789856625e-01 -2.509520564400733456e-01 5.932891972662230451e+00
9.982117395911045410e-01 -3.376447005051197991e-01 5.952162971949961801e+00
8.933539980640370359e-01 -3.215140416171053395e-01 5.968218416546974936e+00
9.938417636775356279e-01 -2.275587619026833153e-01 6.027619622624478701e+00
9.447931696715952121e-01 -1.722363065821930495e-01 6.040717341936354678e+00
1.018314220840463857e+00 -1.696001724453699566e-01 6.081843688871085618e+00
8.428628417019946584e-01 -2.361416124434671804e-01 6.044103620818100708e+00
9.827474772855553375e-01 -1.283894603119340727e-01 6.075932357765839953e+00
1.022100482834303881e+00 -1.574141693805577169e-01 6.096124088721900591e+00
1.116165105059581109e+00 -2.257376477567132333e-01 6.104635322813707354e+00
1.000622611152720554e+00 -9.528541902512166484e-02 6.076606276345009938e+00
9.812888651355133884e-01 -1.508697880785183076e-01 6.179802122095183314e+00
9.183439614875673618e-01 -1.065353632522911126e-01 6.168636242092015998e+00
1.013831976398316348e+00 -9.260039820084808859e-02 6.197120570122451433e+00
9.450045855718428589e-01 -1.063570136667368882e-01 6.235169278207433052e+00
9.795494285013028879e-01 -9.976475859340185048e-02 6.214448487674502530e+00
9.948534336040911752e-01 -6.100693907773222652e-02 6.191830834036245790e+00
1.070413291404106459e+00 -1.923121160797420029e-02 6.250310843108885628e+00
9.141905123136394584e-01 4.648298814865516049e-02 6.337427252913920839e+00
1.045486993183329938e+00 -9.277185164993012600e-03 6.342663014263402843e+00
9.741974713507949302e-01 9.645329291005978745e-02 6.287413913762452289e+00
1.022714915297481486e+00 8.464583868706090919e-02 6.277482611329431528e+00
9.928336757039443183e-01 6.457162941439319181e-02 6.375530378500174677e+00
9.563391056804039225e-01 1.921254713675052406e-02 6.408183231497081245e+00
1.015354405654682823e+00 3.783414114058131217e-02 6.378933623158683730e+00
9.817373235332998993e-01 5.955311851344205487e-02 6.398993008304644903e+00
1.002535033518198837e+00 6.351283265283824697e-02 6.441089718219158655e+00
1.078543675461600460e+00 1.472075986707255812e-01 6.375964781040256213e+00
1.043136513066543980e+00 1.346496605639599387e-01 6.457924601953512145e+00
9.877941618812112745e-01 1.698266657330697038e-01 6.455833023669570458e+00
1.030454687398482339e+00 2.998175222972104259e-01 6.483106665842318428e+00
9.747062191670224918e-01 2.118233212730073201e-01 6.478254311082801031e+00
1.019965773592518055e+00 1.438599381253355958e-01 6.556989952164514968e+00
9.147121084806832947e-01 2.488097798913535552e-01 6.534366548336630665e+00
9.900557176824729133e-01 2.317261289752565456e-01 6.572851433605867655e+00
9.792705875299957397e-01 2.732760804813369471e-01 6.558561373348899437e+00
8.952527935737299991e-01 3.035021675223918414e-01 6.581477029127328571e+00
9.651081008572994779e-01 2.537391224435734394e-01 6.575276580813605776e+00
9.072326485048298750e-01 4.312444118888795197e-01 6.617851826144590888e+00
9.189096297632433075e-01 3.101165610938346195e-01 6.624234335391467887e+00
9.149898656104693551e-01 3.473282167143971755e-01 6.658889956706916635e+00
8.627107919330054830e-01 3.429516279484557395e-01 6.659834953151255732e+00
8.888646113034907037e-01 4.731387489769555699e-01 6.661039846979861068e+00
9.699158518096830939e-01 3.843228955526525326e-01 6.742117830290016656e+00
9.019389213123991667e-01 4.724521986731677892e-01 6.705114846842444187e+00
8.327563081046456261e-01 3.485151307467723725e-01 6.728385901824124993e+00
9.869471166384290450e-01 4.739991753952078057e-01 6.772552269087547927e+00
9.203452986600469954e-01 4.576329586450609277e-01 6.784316603094879383e+00
8.925730340279012243e-01 5.177715146810160096e-01 6.748267448493558085e+00
8.170389648533878946e-01 5.114157097473992497e-01 6.828493462693305815e+00
8.392516543117124472e-01 5.491011692712411962e-01 6.859927032510076295e+00
8.571963558869921673e-01 5.471627590747786263e-01 6.836449287981245959e+00
8.542632728847806556e-01 5.407111677752924894e-01 6.899552293056578023e+00
8.688408883682443573e-01 5.416939290450784039e-01 6.894064405596075140e+00
8.525232341978499218e-01 6.134367845347405979e-01 6.815111213195192974e+00
8.215143304525662771e-01 6.129525334578170837e-01 6.899189962265487530e+00
8.285796183081993727e-01 6.135154143591772247e-01 6.927561542920509297e+00
8.044167012206266953e-01 6.018466676518345881e-01 6.990353677780408503e+00
8.124231769041012630e-01 6.674663621291344606e-01 6.924467756775915639e+00
7.721625348768819119e-01 6.108760173346808875e-01 7.026606176662264502e+00
7.491033479743856027e-01 7.512212554291113342e-01 6.970084622639780569e+00
7.537504933091794257e-01 7.042825194457029703e-01 7.068030131225318868e+00
7.126029615932506500e-01 7.059927335515551183e-01 7.070104972540860899e+00
7.295346869805814372e-01 6.992168130381644087e-01 7.039916530998448607e+00
