-4.708341312676819435e+00 -4.315585418002380880e-02 4.713007141101463127e+00
-4.745708922558204534e+00 1.649433625729468042e-02 4.718308158204982838e+00
-4.708523395021483537e+00 -3.032523453117600895e-02 4.724130073953080711e+00
-4.710486641904687133e+00 -1.335966333594254887e-02 4.756703656424603466e+00
-4.695978090559615126e+00 -1.350591141104568946e-02 4.768344808560206260e+00
-4.697022312679518308e+00 1.943533652881515236e-02 4.726032128174669111e+00
-4.712256115007956048e+00 3.409521194724073057e-02 4.709572812560804067e+00
-4.713150265254734350e+00 -1.581677855338797095e-02 4.707083591901844777e+00
-4.687400231597491640e+00 1.474854719678403946e-02 4.734960056758679592e+00
-4.706404287271054088e+00 1.005319079250024533e-01 4.713443693167332249e+00
-4.704669642376751781e+00 7.057029647936510774e-02 4.720085853706095236e+00
-4.696803913335693359e+00 8.142113491939202696e-02 4.739765831898863802e+00
-4.690738882496406248e+00 2.501396927025923561e-02 4.720330236108921440e+00
-4.665971740547054658e+00 5.020113828855760074e-02 4.720500427284973100e+00
-4.698390446721981029e+00 2.100766369447487278e-02 4.707833517185218142e+00
-4.707080865756963384e+00 1.027028665074792776e-02 4.761574593540301770e+00
-4.696344662227276423e+00 3.518979445298070496e-02 4.699959304010445038e+00
-4.697415405007877354e+00 3.597679439139234159e-02 4.737227613142030336e+00
-4.714474523271201534e+00 -2.500355577796762804e-02 4.721967956253132925e+00
-4.705086436586674914e+00 -8.030652308286204827e-03 4.714431399505101261e+00
-4.698434022139575283e+00 5.790221271845023138e-02 4.724818641606339575e+00
-4.731050766676278663e+00 -1.810744908225691077e-02 4.702883710732752576e+00
-4.692736830061082998e+00 3.808531672049175407e-03 4.693515206575711751e+00
-4.691899158108582490e+00 -3.435856560905836687e-02 4.725183632657246058e+00
-4.701173066624173558e+00 8.039984199928523756e-02 4.733746196703300768e+00
-4.715309978341373665e+00 -7.480280758405146585e-03 4.671593819165740236e+00
-4.716690703161760645e+00 -3.254851536055569650e-02 4.744666765469276903e+00
-4.722154737138875902e+00 -2.663528923932909423e-02 4.701308082469696892e+00
-4.717518307165201819e+00 6.902060234814197393e-02 4.738897959516087610e+00
-4.685902153815185045e+00 2.796963457272524586e-02 4.700662982632570319e+00
-4.689581143305788125e+00 -4.234367322594922989e-02 4.756212752060928750e+00
-4.693925614277434377e+00 8.467580429192429758e-02 4.721629067816892622e+00
-4.677613231663347193e+00 -1.637070583604354965e-02 4.730867986550726378e+00
-4.695293343921398410e+00 -5.812255263422872603e-03 4.772721437900971253e+00
-4.718462579935143175e+00 3.239349326208097041e-02 4.713516403947844324e+00
-4.724260249336256656e+00 -1.303788272708715154e-02 4.747143114716918966e+00
-4.666151727049357767e+00 -1.702088972029203867e-02 4.725848947669511801e+00
-4.691085551784572871e+00 3.179227858911084365e-02 4.722598728485669639e+00
-4.672484945382937127e+00 5.489495501077634732e-02 4.683132026862716124e+00
-4.696462799080569184e+00 1.015322663099627321e-01 4.740222441273245657e+00
-4.735602488734437898e+00 2.935101784127164617e-02 4.728575328716375203e+00
-4.714100109712280329e+00 -1.221489630739169829e-02 4.713002905467264192e+00
-4.695219452907680058e+00 4.393795432815375546e-02 4.722315020162317190e+00
-4.711559358561639321e+00 1.501054331092819584e-02 4.709805132349707435e+00
-4.699645281069249947e+00 5.898884274820689194e-02 4.689475247257075985e+00
-4.686407794491237233e+00 2.476657547815228760e-02 4.740830543706680444e+00
-4.726496904398789667e+00 4.393750089752060384e-02 4.692403446981685988e+00
-4.701262178537764846e+00 3.440233184835241043e-02 4.719472754308496221e+00
-4.697440697336805471e+00 -4.349193860203298678e-03 4.741775158627250519e+00
-4.704012228573316357e+00 -2.572929892875493521e-02 4.731230639926574000e+00
-4.700456653356365422e+00 8.138090811381658296e-02 4.723221466907696175e+00
-4.703543722896401214e+00 1.424375365815274130e-01 4.703380738905288183e+00
-4.703843528385977635e+00 -2.257641821395121526e-02 4.724292172285277758e+00
-4.729837299877140744e+00 1.929145362485229498e-02 4.706334853330310430e+00
-4.729503914029836942e+00 7.015467731067857871e-02 4.724892196368016606e+00
-4.695314085770330159e+00 1.423505136125809145e-02 4.734622978437029950e+00
-4.723641632049347727e+00 4.372263755720206396e-02 4.683847586142965369e+00
-4.706981523351537966e+00 4.198997829748096766e-02 4.731890689855688059e+00
-4.675082056374257000e+00 -7.239348571616038841e-03 4.724884911617162508e+00
-4.683100805040928627e+00 -2.227744874618380749e-02 4.707162470091668993e+00
-4.693872044150392497e+00 5.299696587849100915e-02 4.720527955494352668e+00
-4.702214449119745510e+00 5.488026462511143982e-02 4.691196932023600219e+00
-4.704344168078544719e+00 -3.231040919401878542e-02 4.709415930663753969e+00
-4.656164353928692989e+00 7.060069266633184695e-03 4.719942320493068166e+00
-4.718681404910267219e+00 1.142414327969916293e-01 4.722730055815499206e+00
-4.741232245562903458e+00 7.362474124478874185e-03 4.717046476860300430e+00
-4.699559335052561515e+00 -5.553879215637952393e-02 4.716078293707796298e+00
-4.686244857066285796e+00 2.963396054577320873e-02 4.735064931180037462e+00
-4.704645291916153660e+00 2.848059942833236491e-02 4.698644762052603951e+00
-4.690007094405963528e+00 -4.115083804875416251e-02 4.726374532034297360e+00
-4.681729370401378709e+00 1.111129239112101513e-01 4.703548144398841835e+00
-4.707648751562119926e+00 -1.207776907033985755e-02 4.688248868337177022e+00
-4.679298910456537008e+00 9.973855536268666500e-02 4.716271208442550211e+00
-4.690056529140144370e+00 3.968401113476771602e-02 4.722902805570652340e+00
-4.694065583152493559e+00 3.869358388732700021e-02 4.729741214319438392e+00
-4.747115715706883066e+00 6.434526653382834083e-02 4.700085108063532857e+00
-4.708721144509843803e+00 -6.091740128931104337e-02 4.719698538833273282e+00
-4.730619600786926782e+00 2.594635531085504043e-02 4.716894416503451204e+00
-4.706319376459939363e+00 7.546739079212250179e-02 4.709874352430801103e+00
-4.706021211659533243e+00 7.629536166379638495e-02 4.753405328704399579e+00
-4.734273095983317248e+00 -9.396910843898027832e-02 4.731025361440470256e+00
-4.689950196509760083e+00 -1.857981424251572977e-01 4.691433277976465810e+00
-4.677082401552366875e+00 -1.059970459598594678e-01 4.734308422413374906e+00
-4.733671660927232239e+00 9.207357991147759047e-02 4.707170811581999459e+00
-4.678691649519809204e+00 6.908355394795345772e-02 4.682428863658160800e+00
-4.725181024174470501e+00 -2.168282853243620398e-02 4.691422126960934413e+00
-4.694785302620652523e+00 3.628293507806336360e-02 4.729794424016920296e+00
-4.669092575700484637e+00 -2.509577183613099713e-02 4.717747581729800466e+00
-4.669844259666771968e+00 6.783231285676798172e-02 4.745427414241505382e+00
-4.708167728565340937e+00 1.930478225239253692e-02 4.736339960068259636e+00
-4.696322315069099140e+00 3.683996753743890712e-02 4.720563872277910633e+00
-4.672303545118046131e+00 2.604386861841233303e-02 4.706478354126793384e+00
-4.678423676208470994e+00 -3.548979512868816188e-02 4.706813781742893887e+00
-4.712867055345978606e+00 -7.652105653680520148e-02 4.755969640972320001e+00
-4.739733697529750600e+00 -6.769955585305419132e-02 4.723763241757720444e+00
-4.734487989645074890e+00 1.032380839298782313e-02 4.730176932568374681e+00
-4.695349161962531603e+00 7.592085640700005356e-02 4.702830884406676404e+00
-4.707967111509995028e+00 4.984410135683649268e-02 4.740162128965347499e+00
-4.708088586213619919e+00 8.682171613103126240e-02 4.722389158912536189e+00
-4.717811291058503720e+00 6.137931589693269852e-02 4.716268374375887085e+00
-4.733772167591307145e+00 8.960291173712615909e-02 4.731283001779744701e+00
-4.691808199843533700e+00 3.891938613288112303e-02 4.722847162556394807e+00
-4.711050977862777600e+00 -5.412754832470167976e-03 4.729309643122444839e+00
-4.697994932767832310e+00 1.017680170307122961e-01 4.694362392833546949e+00
-4.697849695421268734e+00 -2.473931833197423949e-02 4.745694950343540164e+00
-4.733731739716858122e+00 -3.814287425570977996e-02 4.734882368584401924e+00
-4.712092958134919130e+00 8.455582250435091096e-02 4.712559019622307943e+00
-4.702532368853168165e+00 1.122716289363474007e-01 4.706719929125243951e+00
-4.742755800051572379e+00 4.114179653291287486e-02 4.721364800503457637e+00
-4.705669707282939207e+00 2.053050011596602512e-02 4.742251073233645364e+00
-4.727503210917221921e+00 -5.343907295422981735e-02 4.728722748856289293e+00
-4.721765129137907913e+00 6.752714241446826360e-02 4.727091547962976037e+00
-4.698695305983162207e+00 2.787515341561403945e-02 4.701574300701788722e+00
-4.670684768311638813e+00 -3.351307764651759169e-02 4.705228228236511434e+00
-4.714840281895972041e+00 8.392211450223555080e-02 4.695038743016731075e+00
-4.706002772427631875e+00 3.715293259117455338e-02 4.728440688818062121e+00
-4.709726959877437835e+00 -1.273427244984548859e-02 4.731368302629030964e+00
-4.675425588321059145e+00 -9.150941879821548885e-02 4.684573479231725734e+00
-4.705939064506081237e+00 5.014101970235373962e-02 4.735335595028013600e+00
-4.695716590665457879e+00 -3.142795070357265463e-03 4.681595419715871564e+00
-4.707317664494805598e+00 9.650960674665647054e-02 4.728804515639564165e+00
-4.705619634059773126e+00 2.525614290220325533e-02 4.701715861226994697e+00
-4.690366227730606852e+00 4.982162954708711788e-02 4.738340979933487240e+00
-4.710704974493570951e+00 7.329563602805910794e-02 4.698078198994587673e+00
-4.718512127122383326e+00 8.049938774892109739e-02 4.761463781877740331e+00
-4.707243506595670368e+00 -2.902747052031925262e-02 4.700836427852114419e+00
-4.695483534789028468e+00 3.864147344126669936e-02 4.704750921040205647e+00
-4.666484678024175103e+00 5.458179956839552538e-02 4.720600920770089637e+00
-4.720649447752197858e+00 -4.214327268041959118e-02 4.740752409638917086e+00
-4.687498646619129516e+00 8.059440018958363705e-02 4.748876366239399793e+00
-4.700447944851704918e+00 4.635547522400175480e-02 4.715361963013577018e+00
-4.693037458719031108e+00 7.802967310578115545e-02 4.707352746740149030e+00
-4.701951668921267924e+00 5.216145722149677366e-02 4.703476118889176050e+00
-4.696229172301447541e+00 -6.791148298998517241e-05 4.723188064798123698e+00
-4.697465268228414814e+00 -2.841408256031253965e-02 4.685014955038576900e+00
-4.694719194695443854e+00 -1.804577203618081688e-02 4.711311332867148316e+00
-4.706458310908938181e+00 -4.485504970090101184e-02 4.710146027520240253e+00
-4.711358811345601971e+00 6.434395007954535339e-02 4.730190227697414151e+00
-4.709435899509510470e+00 1.161147331549756967e-02 4.705787199514725572e+00
-4.696094909524731520e+00 1.504724283092457038e-01 4.713293850067201696e+00
-4.720852879772405863e+00 5.125199099387080931e-02 4.702813813640066343e+00
-4.657805668850020453e+00 4.848567292876354573e-02 4.690426505993916528e+00
-4.716667378515990272e+00 -1.818641972840669835e-02 4.729309290830165047e+00
-4.702070215156947341e+00 5.720399620172016142e-02 4.683603513197817314e+00
-4.675726656345011278e+00 2.606024863254319951e-02 4.745697439023543573e+00
-4.720108174954400937e+00 -9.172792038681442522e-03 4.678580770828570934e+00
-4.687500410496032721e+00 4.914371776749543175e-02 4.717807044120253757e+00
-4.667352779838819465e+00 -1.194890693571525053e-01 4.704703628484400824e+00
-4.658602296628393091e+00 8.687497132219423879e-02 4.685361176429934105e+00
-4.719121339028865769e+00 3.959788659003555394e-03 4.724833089887985338e+00
-4.684182008259073271e+00 -3.289186768130802907e-02 4.705320082195378006e+00
-4.709818280775984967e+00 -1.836364396184368350e-02 4.740616271028504691e+00
-4.718545887831495200e+00 1.331998977534191719e-01 4.739574826312550115e+00
-4.751416911374868768e+00 5.192722385720521805e-02 4.718900645810435002e+00
-4.711710271110381321e+00 1.915307040860133106e-02 4.707410897393861759e+00
-4.691941909776470077e+00 1.182621837419459698e-01 4.696596637929359552e+00
-4.705417881164988714e+00 5.551081603547367016e-02 4.733396167170618618e+00
-4.683126878288649486e+00 -1.261781487978633209e-03 4.685485150532761267e+00
-4.698972723265976370e+00 2.072235820280023816e-02 4.715990004586720907e+00
-4.714101713891124312e+00 1.854119813555923924e-02 4.718423428842902112e+00
-4.731176080039876553e+00 3.748507696139852241e-02 4.729497528690562724e+00
-4.691679815622857852e+00 6.505889879387292962e-02 4.719719741244934319e+00
-4.701922192289536007e+00 4.887659714925865484e-02 4.742969172668805911e+00
-4.712633889772486206e+00 1.091289967350390910e-02 4.686096499575150176e+00
-4.728666256717199090e+00 6.680204738702094636e-03 4.715286964329025388e+00
-4.724104220539737220e+00 -2.488658258938114196e-02 4.700164912694003050e+00
-4.739489204988099225e+00 9.373312066116723518e-02 4.689073665786541945e+00
-4.705813674595958673e+00 -7.489172802298865034e-03 4.711092221077633369e+00
-4.684982940515704186e+00 -1.929014989055903226e-02 4.722422898085043563e+00
-4.718777440088960162e+00 5.297349255420627512e-02 4.730603333919400022e+00
-4.720937817325424390e+00 3.624588402169803825e-02 4.729816754797352196e+00
-4.692871417463470252e+00 -8.774184129943088384e-03 4.703041056464621228e+00
-4.715687472395812208e+00 -7.123300546673762279e-02 4.793063992387565087e+00
-4.690530520016436888e+00 3.849212106205298495e-02 4.718975586408363121e+00
-4.707932292051793866e+00 4.551970620639445020e-02 4.699776002016213816e+00
-4.689285517134770487e+00 2.565683923941308731e-02 4.734028354991002274e+00
-4.698037280343352329e+00 -9.321863018918796762e-03 4.718216252751782136e+00
-4.721860900787594240e+00 -3.035183476540997960e-03 4.750917315952803754e+00
-4.663089327099610770e+00 -1.812208314222167951e-02 4.704684488418702237e+00
-4.686370280805990163e+00 3.986539496573944519e-02 4.720693735726665174e+00
-4.725878098833602436e+00 3.338898837289448751e-02 4.740021673316173967e+00
-4.716236844462370570e+00 -1.196321454363451914e-02 4.667961255009130284e+00
-4.679027417729394678e+00 2.495699446231219865e-02 4.712433587873580798e+00
-4.707459538013349487e+00 5.382858617888389152e-02 4.717999731031784272e+00
-4.696004714158809712e+00 1.156848933291085429e-01 4.757197144601664540e+00
-4.705921527044610642e+00 7.868489260002492491e-02 4.723756377144287200e+00
-4.702749940096197179e+00 5.306928530474466776e-02 4.712128839922311130e+00
-4.701321644560549018e+00 -3.037336090602471561e-03 4.728760225673642736e+00
-4.728671204755690027e+00 3.221603699365080398e-02 4.721972335643593865e+00
-4.743317167454858208e+00 -1.334977408178547598e-02 4.711797949511790762e+00
-4.725012399120300799e+00 9.326542585762213899e-02 4.708464886516515513e+00
-4.689047254477277882e+00 -6.860635717038267301e-02 4.733663249440298593e+00
-4.704398592350102604e+00 2.142733341019504786e-02 4.690451505571369140e+00
-4.696279375152993651e+00 -8.412615696252097319e-02 4.726400758475943320e+00
-4.704208506539140799e+00 2.148107269737833253e-02 4.759426806383046937e+00
-4.698887132755999119e+00 2.925013546248226431e-02 4.744392291525163508e+00
-4.700241631916355800e+00 -2.182133235635624890e-02 4.717234776982558664e+00
-4.697049363803088795e+00 -9.633842344920359735e-02 4.716384657664224989e+00
-4.768308974445184312e+00 -3.509570066084814061e-02 4.739790577632564172e+00
-4.686862180796583566e+00 -9.856514216793507005e-03 4.739656122726864318e+00
-4.726194459474994503e+00 4.383584522630080971e-02 4.724238808222382957e+00
-4.694930848006462654e+00 -4.821874782308595286e-02 4.723633101799808998e+00
-4.732613792799312158e+00 -3.257675492258489680e-02 4.682692508404447729e+00
-4.711888163423885167e+00 7.632146628113738174e-02 4.722979512848655581e+00
-4.714704129874899508e+00 -1.512773008029296221e-02 4.723448031789888368e+00
-4.728146864401428395e+00 3.260967880370264221e-02 4.732357178834918798e+00
-4.706438808301764531e+00 9.744819066798499074e-02 4.709387571363640390e+00
-4.701095290461258180e+00 3.509111100170075881e-02 4.698600092676451290e+00
-4.655632213623404070e+00 1.032306664612784308e-01 4.703227524045608732e+00
-4.721005526746760772e+00 1.033169999160426233e-01 4.719599498139479543e+00
-4.724373349135092326e+00 5.964957051981838870e-02 4.720361316577643684e+00
-4.708213447604676638e+00 1.073352127721605570e-01 4.745705922822064160e+00
-4.700304211573223867e+00 1.019170440483390117e-01 4.727618372393509460e+00
-4.705328337372313818e+00 4.827850350325292583e-02 4.736544302268920426e+00
-4.704720965619606510e+00 -7.668734647759466172e-02 4.711713114020270154e+00
-4.728989514816499984e+00 -1.246170325062737061e-01 4.721771817001969573e+00
-4.700986019544926009e+00 1.180457517040941207e-01 4.691673593985089319e+00
-4.698897451824836757e+00 -1.888050503372984759e-02 4.727388138861247313e+00
-4.699928597772585093e+00 6.987708584402163581e-02 4.756599557606389972e+00
-4.666188429239175761e+00 -4.744399034810546645e-03 4.722006291966660996e+00
-4.680217101105195177e+00 -4.189949493849685902e-02 4.743355172806164255e+00
-4.710430551819765554e+00 1.568865186638174203e-02 4.711139749336892280e+00
-4.716875314566620681e+00 3.519307645153013642e-02 4.730886501732250338e+00
-4.693464053255642199e+00 -4.772239111013827639e-03 4.720576340956790240e+00
-4.707180549661592828e+00 -6.465122355011497512e-02 4.718064444754435094e+00
-4.708777969487882409e+00 3.695147730194509039e-02 4.752285838845411448e+00
-4.673854373431804987e+00 6.632096385243256564e-02 4.743760729699222800e+00
-4.706194956484520908e+00 7.607414900979400652e-02 4.715592988364385896e+00
-4.689944017145933230e+00 -2.208939171960665887e-02 4.708594660719025882e+00
-4.720328883078450666e+00 -2.651159405834276409e-02 4.765175426302082684e+00
-4.700217017559980448e+00 4.732594659875195842e-02 4.762471417202099211e+00
-4.741921843925613445e+00 -1.860843064943856762e-03 4.697402190780309184e+00
-4.669602665750722359e+00 3.555334490100041378e-02 4.726633460394906727e+00
-4.708905609212400201e+00 1.352752003307964024e-01 4.714209662285234970e+00
-4.699129956055137392e+00 -3.836336933725377485e-04 4.694522267304191310e+00
-4.689505939322485162e+00 3.859168600384337011e-02 4.738959079975320954e+00
-4.688367296868048761e+00 4.030396072800385143e-02 4.729996747180339689e+00
-4.728789884138500987e+00 -5.070596579434475532e-02 4.731188703372712467e+00
-4.712075168674902947e+00 4.578536173767612516e-03 4.763449922710751849e+00
-4.665112065534342989e+00 5.113530832273747995e-03 4.722707917753653284e+00
-4.720087528743349026e+00 -3.439109204900066274e-02 4.721102650087341424e+00
-4.677469164226659259e+00 4.016613689684825350e-02 4.729906782507137031e+00
-4.709367153676613071e+00 5.604229800360065183e-02 4.736395856041321295e+00
-4.747856532046029088e+00 1.532313348905634323e-02 4.704439172724908858e+00
-4.741705885299825063e+00 -1.041651550394805809e-01 4.710304552059843886e+00
-4.702037204491892552e+00 3.543627649086862619e-02 4.683342118967535939e+00
-4.705347877339606022e+00 1.150131461011688616e-02 4.753595273059615600e+00
-4.697795859163395704e+00 6.278033007781787245e-02 4.689757088243671213e+00
-4.696319696331962668e+00 -7.519702212625627158e-02 4.726086983258430685e+00
-4.724050959912028169e+00 -1.212523645685668894e-02 4.739368665454309237e+00
-4.699487594333150220e+00 -1.759947833456224422e-02 4.735990497666541899e+00
-4.720400598773363932e+00 1.706556527212918506e-02 4.702138754781914010e+00
-4.677233645149924790e+00 -7.999778750831198354e-03 4.726117073400662782e+00
-4.638298087463581965e+00 8.323577796411468430e-03 4.710930822502185755e+00
-4.691368364916281841e+00 3.667649595846077248e-02 4.713666546054179562e+00
-4.706633951220026368e+00 -2.063695136768633684e-02 4.716703995720497922e+00
-4.716706929173733798e+00 3.425518849331719851e-02 4.764549341103985647e+00
-4.677272700032355068e+00 -4.874881916703040219e-02 4.714903787977453575e+00
-4.731041286685979230e+00 -1.120961999002318896e-02 4.696253100711532902e+00
-4.688435874918025270e+00 1.226013505702358147e-01 4.736041243242579135e+00
-4.711913249305043294e+00 3.765865015144762018e-02 4.736678196903100435e+00
-4.714884469388464616e+00 -3.862548567610819827e-02 4.683426950470898298e+00
-4.702747498497049428e+00 5.688994602725350874e-02 4.732256344771021972e+00
-4.702719868567868389e+00 1.484995844804342172e-02 4.749654786219630331e+00
-4.720933969264499375e+00 8.263173312119094852e-03 4.685090814072093934e+00
-4.713454636609249349e+00 3.069337078995050191e-02 4.717078930044225515e+00
-4.692622849139974406e+00 6.903575040104270588e-02 4.756084922540397386e+00
-4.693938489018376181e+00 1.497812603466441503e-02 4.706070767283718759e+00
-4.659487507829156883e+00 4.122388900149638602e-02 4.741372374494086550e+00
-4.722577586129204974e+00 -1.416350790484091626e-03 4.688860247027029082e+00
-4.698413045741921756e+00 -3.291870110870592780e-03 4.739690157296318596e+00
-4.705152163562801526e+00 1.165623751010021886e-02 4.733500198281814342e+00
-4.720344094733924578e+00 8.894270149971553185e-02 4.721270646604142307e+00
-4.696731659348357013e+00 2.683126863486220981e-02 4.735216460495389690e+00
-4.690256140709120558e+00 8.293280069021580214e-02 4.731418994151461277e+00
-4.718279909284886386e+00 7.322107075688678857e-02 4.709387050991806767e+00
-4.706080995992523164e+00 -6.948921609120820020e-03 4.726191284660829162e+00
-4.719100413988972953e+00 -3.644488900052617053e-03 4.710666246140282176e+00
-4.730238193398236923e+00 1.326191192768684871e-02 4.702297058032828048e+00
-4.729508764370484286e+00 2.782747397586608773e-02 4.736431048227617957e+00
-4.684931012779927961e+00 2.840185371197342934e-02 4.756576799746430773e+00
-4.692527358861217301e+00 3.217220952406747714e-02 4.733150066976589798e+00
-4.681285747468558966e+00 -4.829037973479416435e-03 4.709306732225599035e+00
-4.702516842789529861e+00 -4.306425407707543951e-02 4.725457037407865712e+00
-4.710979045571408896e+00 9.040280758056627730e-02 4.724529598896240579e+00
-4.701179303919031938e+00 4.113350218014494297e-02 4.722776703553218880e+00
-4.696757924141159002e+00 -1.808324177406524236e-02 4.709618618975209614e+00
-4.700481369044092972e+00 -1.076013684967603093e-02 4.722045537192635756e+00
-4.693974316244032607e+00 1.174102039924775631e-01 4.700062601209983093e+00
-4.698022652138496902e+00 -1.457362866720997296e-02 4.700134213359755009e+00
-4.715936185379504764e+00 -2.391575496553313002e-02 4.750454947353492052e+00
-4.719374136354218763e+00 5.858490371426848531e-02 4.736588136797874604e+00
-4.677611499900256931e+00 -2.832637970007399406e-02 4.728996766756636383e+00
-4.742950115910173459e+00 6.264080180805377263e-02 4.715657686939490389e+00
-4.711019319064588373e+00 -2.507475380698865816e-02 4.764268632590207275e+00
-4.719999774234443279e+00 -2.876347674378013086e-03 4.727312806804191858e+00
-4.676935140023220860e+00 3.826280435674378477e-02 4.735130026131102454e+00
-4.719310271155244152e+00 -3.806325078919023386e-03 4.696209574998003511e+00
-4.694368394563318780e+00 1.577875139048284803e-02 4.724092951740824553e+00
-4.687838815101665446e+00 5.715759155188887553e-02 4.713883802847221638e+00
-4.708127500926539533e+00 -9.487432257939348856e-02 4.661524088931832566e+00
-4.704292417370076862e+00 7.823207896709052922e-02 4.682860801559059816e+00
-4.707167741838597763e+00 -2.175591388253327041e-02 4.731764816974544097e+00
-4.711261314927404520e+00 7.506376977047587995e-02 4.721838145677843990e+00
-4.678689680133678586e+00 5.200182181093161715e-02 4.716201401855581565e+00
-4.658179909319226653e+00 2.473020220825124932e-02 4.735798774829291347e+00
-4.719955258294846523e+00 -1.336625107710691027e-02 4.722340043196856740e+00
-4.730433343398734891e+00 4.319308566868011734e-02 4.731903757732764504e+00
-4.700455451907916249e+00 -3.349560491830427811e-02 4.747711692424652519e+00
-4.750618543282662642e+00 6.145212179500916805e-02 4.740734054092993865e+00
-4.712935071534849030e+00 3.093005647221901480e-02 4.700543519892464772e+00
-4.698155697401909414e+00 -1.203897168829765052e-02 4.712684311507114643e+00
-4.707203365836968523e+00 1.024389573913488671e-01 4.725466149684748096e+00
-4.690979433397624021e+00 2.973235854797747629e-03 4.720566978195918750e+00
